101|0|"ABBIATI Christian"|"Milan"|1|0|0|0|0|0|0|0|0|0|0|0|0|0|0|0|0|0|0|0|0|0|0|5
102|0|"AGLIARDI Federico"|"Brescia"|1|0|0|0|0|0|0|0|0|0|0|0|0|0|0|0|0|0|0|0|0|0|0|10
103|0|"AMELIA Marco"|"Livorno"|1|0|0|0|0|0|0|0|0|0|0|0|0|0|0|0|0|0|0|0|0|0|0|9
104|0|"ANANIA Luca"|"Lecce"|1|0|0|0|0|0|0|0|0|0|0|0|0|0|0|0|0|0|0|0|0|0|0|10
105|0|"ANTONIOLI Francesco"|"Sampdoria"|1|0|0|0|0|0|0|0|0|0|0|0|0|0|0|0|0|0|0|0|0|0|0|17
106|0|"BELARDI Emanuele"|"Reggina"|1|0|0|0|0|0|0|0|0|0|0|0|0|0|0|0|0|0|0|0|0|0|0|3
107|0|"BERTI Gianluca"|"Parma"|1|0|0|0|0|0|0|0|0|0|0|0|0|0|0|0|0|0|0|0|0|0|0|3
108|0|"BIANCHI Emanuele"|"Sampdoria"|1|0|0|0|0|0|0|0|0|0|0|0|0|0|0|0|0|0|0|0|0|0|0|1
109|0|"BONAIUTI Adriano"|"Udinese"|1|0|0|0|0|0|0|0|0|0|0|0|0|0|0|0|0|0|0|0|0|0|0|1
110|0|"BONNEFOI Landry"|"Juventus"|1|0|0|0|0|0|0|0|0|0|0|0|0|0|0|0|0|0|0|0|0|0|0|1
111|0|"BUFFON Gianluigi"|"Juventus"|1|0|0|0|0|0|0|0|0|0|0|0|0|0|0|0|0|0|0|0|0|0|0|23
112|0|"CALDERONI Alex"|"Atalanta"|1|0|0|0|0|0|0|0|0|0|0|0|0|0|0|0|0|0|0|0|0|0|0|1
113|0|"CAPELLO Davide Ugo"|"Cagliari"|1|0|0|0|0|0|0|0|0|0|0|0|0|0|0|0|0|0|0|0|0|0|0|1
114|0|"CASAZZA Fabrizio"|"Lazio"|1|0|0|0|0|0|0|0|0|0|0|0|0|0|0|0|0|0|0|0|0|0|0|1
115|0|"CASTELLAZZI Luca"|"Brescia"|1|0|0|0|0|0|0|0|0|0|0|0|0|0|0|0|0|0|0|0|0|0|0|1
116|0|"CEJAS Christian S."|"Fiorentina"|1|0|0|0|0|0|0|0|0|0|0|0|0|0|0|0|0|0|0|0|0|0|0|12
117|0|"CHIMENTI Antonio"|"Juventus"|1|0|0|0|0|0|0|0|0|0|0|0|0|0|0|0|0|0|0|0|0|0|0|1
118|0|"COPPOLA Ferdinando"|"Reggina"|1|0|0|0|0|0|0|0|0|0|0|0|0|0|0|0|0|0|0|0|0|0|0|1
119|0|"CORDAZ Alex"|"Inter"|1|0|0|0|0|0|0|0|0|0|0|0|0|0|0|0|0|0|0|0|0|0|0|1
120|0|"DE SANCTIS Morgan"|"Udinese"|1|0|0|0|0|0|0|0|0|0|0|0|0|0|0|0|0|0|0|0|0|0|0|18
121|0|"DIDA Nelson de Jesus Silva"|"Milan"|1|0|0|0|0|0|0|0|0|0|0|0|0|0|0|0|0|0|0|0|0|0|0|24
122|0|"ELEFTHEROPOULOS Dimitris"|"Messina"|1|0|0|0|0|0|0|0|0|0|0|0|0|0|0|0|0|0|0|0|0|0|0|9
123|0|"FIORI Valerio"|"Milan"|1|0|0|0|0|0|0|0|0|0|0|0|0|0|0|0|0|0|0|0|0|0|0|1
124|0|"FONTANA Alberto"|"Inter"|1|0|0|0|0|0|0|0|0|0|0|0|0|0|0|0|0|0|0|0|0|0|0|1
125|0|"FORTIN Marco"|"Siena"|1|0|0|0|0|0|0|0|0|0|0|0|0|0|0|0|0|0|0|0|0|0|0|10
126|0|"FREY Sebastien"|"Parma"|1|0|0|0|0|0|0|0|0|0|0|0|0|0|0|0|0|0|0|0|0|0|0|18
127|0|"GRECO Alessandro"|"Messina"|1|0|0|0|0|0|0|0|0|0|0|0|0|0|0|0|0|0|0|0|0|0|0|1
128|0|"IEZZO  Gennaro"|"Cagliari"|1|0|0|0|0|0|0|0|0|0|0|0|0|0|0|0|0|0|0|0|0|0|0|1
129|0|"KATERGIANNAKIS Theofanis"|"Cagliari"|1|0|0|0|0|0|0|0|0|0|0|0|0|0|0|0|0|0|0|0|0|0|0|14
130|0|"LIPPI Guido"|"Chievo"|1|0|0|0|0|0|0|0|0|0|0|0|0|0|0|0|0|0|0|0|0|0|0|1
131|0|"LUPATELLI Cristiano"|"Fiorentina"|1|0|0|0|0|0|0|0|0|0|0|0|0|0|0|0|0|0|0|0|0|0|0|3
132|0|"MANNINGER Alexander"|"Siena"|1|0|0|0|0|0|0|0|0|0|0|0|0|0|0|0|0|0|0|0|0|0|0|2
133|0|"MARCHEGIANI Luca"|"Chievo"|1|0|0|0|0|0|0|0|0|0|0|0|0|0|0|0|0|0|0|0|0|0|0|15
134|0|"MARCON Sergio"|"Chievo"|1|0|0|0|0|0|0|0|0|0|0|0|0|0|0|0|0|0|0|0|0|0|0|1
135|0|"MAREGGINI Gian Matteo"|"Livorno"|1|0|0|0|0|0|0|0|0|0|0|0|0|0|0|0|0|0|0|0|0|0|0|1
136|0|"PAGLIUCA Gianluca"|"Bologna"|1|0|0|0|0|0|0|0|0|0|0|0|0|0|0|0|0|0|0|0|0|0|0|15
137|0|"PANSERA Andrea"|"Bologna"|1|0|0|0|0|0|0|0|0|0|0|0|0|0|0|0|0|0|0|0|0|0|0|1
138|0|"PAVARINI Nicola"|"Reggina"|1|0|0|0|0|0|0|0|0|0|0|0|0|0|0|0|0|0|0|0|0|0|0|10
139|0|"PELIZZOLI Ivan"|"Roma"|1|0|0|0|0|0|0|0|0|0|0|0|0|0|0|0|0|0|0|0|0|0|0|22
140|0|"PERUZZI Angelo"|"Lazio"|1|0|0|0|0|0|0|0|0|0|0|0|0|0|0|0|0|0|0|0|0|0|0|18
141|0|"ROCCATI Marco"|"Fiorentina"|1|0|0|0|0|0|0|0|0|0|0|0|0|0|0|0|0|0|0|0|0|0|0|1
142|0|"ROSATI Antonio"|"Lecce"|1|0|0|0|0|0|0|0|0|0|0|0|0|0|0|0|0|0|0|0|0|0|0|1
143|0|"SANTONI Nicola"|"Palermo"|1|0|0|0|0|0|0|0|0|0|0|0|0|0|0|0|0|0|0|0|0|0|0|10
144|0|"SERENI Matteo"|"Lazio"|1|0|0|0|0|0|0|0|0|0|0|0|0|0|0|0|0|0|0|0|0|0|0|4
145|0|"SICIGNANO Vincenzo"|"Lecce"|1|0|0|0|0|0|0|0|0|0|0|0|0|0|0|0|0|0|0|0|0|0|0|8
146|0|"STORARI Marco"|"Messina"|1|0|0|0|0|0|0|0|0|0|0|0|0|0|0|0|0|0|0|0|0|0|0|1
147|0|"TAIBI Massimo"|"Atalanta"|1|0|0|0|0|0|0|0|0|0|0|0|0|0|0|0|0|0|0|0|0|0|0|10
148|0|"TOLDO Francesco"|"Inter"|1|0|0|0|0|0|0|0|0|0|0|0|0|0|0|0|0|0|0|0|0|0|0|22
149|0|"TURCI Luigi"|"Sampdoria"|1|0|0|0|0|0|0|0|0|0|0|0|0|0|0|0|0|0|0|0|0|0|0|1
150|0|"VANIN Giordano"|"Parma"|1|0|0|0|0|0|0|0|0|0|0|0|0|0|0|0|0|0|0|0|0|0|0|1
151|0|"ZANCOPE' Adriano"|"Siena"|1|0|0|0|0|0|0|0|0|0|0|0|0|0|0|0|0|0|0|0|0|0|0|1
152|0|"ZOTTI Carlo"|"Roma"|1|0|0|0|0|0|0|0|0|0|0|0|0|0|0|0|0|0|0|0|0|0|0|1
153|0|"LEJSAL Martin"|"Reggina"|0|0|0|0|0|0|0|0|0|0|0|0|0|0|0|0|0|0|0|0|0|0|0|1
154|0|"SOVIERO Salvatore"|"Reggina"|1|0|0|0|0|0|0|0|0|0|0|0|0|0|0|0|0|0|0|0|0|0|0|7
155|0|"GUARDALBEN Matteo"|"Palermo"|1|0|0|0|0|0|0|0|0|0|0|0|0|0|0|0|0|0|0|0|0|0|0|12
156|0|"HANDANOVIC Samir"|"Udinese"|1|0|0|0|0|0|0|0|0|0|0|0|0|0|0|0|0|0|0|0|0|0|0|1
157|0|"CARINI Fabian"|"Inter"|1|0|0|0|0|0|0|0|0|0|0|0|0|0|0|0|0|0|0|0|0|0|0|1
158|0|"COMI Paolo"|"Palermo"|1|0|0|0|0|0|0|0|0|0|0|0|0|0|0|0|0|0|0|0|0|0|0|1
159|0|"CURCI Gianluca"|"Roma"|1|0|0|0|0|0|0|0|0|0|0|0|0|0|0|0|0|0|0|0|0|0|0|1
201|0|"ABRUZZESE Giuseppe"|"Lecce"|1|1|0|0|0|0|0|0|0|0|0|0|0|0|0|0|0|0|0|0|0|0|0|3
202|0|"ACCARDI Piero"|"Palermo"|1|1|0|0|0|0|0|0|0|0|0|0|0|0|0|0|0|0|0|0|0|0|0|1
203|0|"ACCURSI Salvatore"|"Messina"|1|1|0|0|0|0|0|0|0|0|0|0|0|0|0|0|0|0|0|0|0|0|0|1
204|0|"ADANI Daniele"|"Brescia"|1|1|0|0|0|0|0|0|0|0|0|0|0|0|0|0|0|0|0|0|0|0|0|8
205|0|"AGOSTINI Alessandro"|"Cagliari"|1|1|0|0|0|0|0|0|0|0|0|0|0|0|0|0|0|0|0|0|0|0|0|4
206|0|"ALVAREZ Edgar Anthony"|"Cagliari"|1|1|0|0|0|0|0|0|0|0|0|0|0|0|0|0|0|0|0|0|0|0|0|2
207|0|"AQUILANTI Antonio"|"Fiorentina"|1|1|0|0|0|0|0|0|0|0|0|0|0|0|0|0|0|0|0|0|0|0|0|1
208|0|"ARONICA Salvatore"|"Messina"|1|1|0|0|0|0|0|0|0|0|0|0|0|0|0|0|0|0|0|0|0|0|0|1
210|0|"BAGGIO Dino"|"Lazio"|1|1|0|0|0|0|0|0|0|0|0|0|0|0|0|0|0|0|0|0|0|0|0|2
211|0|"BALESTRI Jacopo"|"Reggina"|1|1|0|0|0|0|0|0|0|0|0|0|0|0|0|0|0|0|0|0|0|0|0|2
212|0|"BALLERI David"|"Livorno"|1|1|0|0|0|0|0|0|0|0|0|0|0|0|0|0|0|0|0|0|0|0|0|4
213|0|"BARZAGLI Andrea"|"Palermo"|1|1|0|0|0|0|0|0|0|0|0|0|0|0|0|0|0|0|0|0|0|0|0|12
214|0|"BELLINI Giampaolo"|"Atalanta"|1|1|0|0|0|0|0|0|0|0|0|0|0|0|0|0|0|0|0|0|0|0|0|5
215|0|"BERTOTTO Valerio"|"Udinese"|1|1|0|0|0|0|0|0|0|0|0|0|0|0|0|0|0|0|0|0|0|0|0|5
216|0|"BIAVA Giuseppe"|"Palermo"|1|1|0|0|0|0|0|0|0|0|0|0|0|0|0|0|0|0|0|0|0|0|0|6
217|0|"BIRINDELLI Alessandro"|"Juventus"|1|1|0|0|0|0|0|0|0|0|0|0|0|0|0|0|0|0|0|0|0|0|0|4
218|0|"BONERA Daniele"|"Parma"|1|1|0|0|0|0|0|0|0|0|0|0|0|0|0|0|0|0|0|0|0|0|0|10
219|0|"BONOMI Simone"|"Siena"|1|1|0|0|0|0|0|0|0|0|0|0|0|0|0|0|0|0|0|0|0|0|0|2
220|0|"BOVO Cesare"|"Parma"|1|1|0|0|0|0|0|0|0|0|0|0|0|0|0|0|0|0|0|0|0|0|0|3
221|0|"BURDISSO Nicolas Andres"|"Inter"|1|1|0|0|0|0|0|0|0|0|0|0|0|0|0|0|0|0|0|0|0|0|0|4
222|0|"CAFU Marcos"|"Milan"|1|1|0|0|0|0|0|0|0|0|0|0|0|0|0|0|0|0|0|0|0|0|0|10
223|0|"CANDELA Vincent"|"Roma"|1|1|0|0|0|0|0|0|0|0|0|0|0|0|0|0|0|0|0|0|0|0|0|3
224|0|"CANNARSA Juri"|"Reggina"|1|1|0|0|0|0|0|0|0|0|0|0|0|0|0|0|0|0|0|0|0|0|0|2
225|0|"CANNAVARO Fabio"|"Juventus"|1|1|0|0|0|0|0|0|0|0|0|0|0|0|0|0|0|0|0|0|0|0|0|9
226|0|"CANNAVARO Paolo"|"Parma"|1|1|0|0|0|0|0|0|0|0|0|0|0|0|0|0|0|0|0|0|0|0|0|8
227|0|"CAPUANO Ciro"|"Bologna"|1|1|0|0|0|0|0|0|0|0|0|0|0|0|0|0|0|0|0|0|0|0|0|1
228|0|"CARDONE Giuseppe"|"Parma"|1|1|0|0|0|0|0|0|0|0|0|0|0|0|0|0|0|0|0|0|0|0|0|3
229|0|"CARROZZIERI Morris"|"Sampdoria"|1|1|0|0|0|0|0|0|0|0|0|0|0|0|0|0|0|0|0|0|0|0|0|6
230|0|"CASTELLINI Marcello"|"Sampdoria"|1|1|0|0|0|0|0|0|0|0|0|0|0|0|0|0|0|0|0|0|0|0|0|9
231|0|"CESAR Vinicio Cervo de Luca"|"Chievo"|1|1|0|0|0|0|0|0|0|0|0|0|0|0|0|0|0|0|0|0|0|0|0|1
232|0|"CHIELLINI Giorgio"|"Fiorentina"|1|1|0|0|0|0|0|0|0|0|0|0|0|0|0|0|0|0|0|0|0|0|0|4
233|0|"CHIVU Cristian"|"Roma"|1|1|0|0|0|0|0|0|0|0|0|0|0|0|0|0|0|0|0|0|0|0|0|17
234|0|"CIRILLO Bruno"|"Siena"|1|1|0|0|0|0|0|0|0|0|0|0|0|0|0|0|0|0|0|0|0|0|0|3
235|0|"COCO Francesco"|"Inter"|1|1|0|0|0|0|0|0|0|0|0|0|0|0|0|0|0|0|0|0|0|0|0|3
236|0|"COLONNESE Francesco"|"Siena"|1|1|0|0|0|0|0|0|0|0|0|0|0|0|0|0|0|0|0|0|0|0|0|5
237|0|"CONTE Mirko"|"Messina"|1|1|0|0|0|0|0|0|0|0|0|0|0|0|0|0|0|0|0|0|0|0|0|7
238|0|"CONTEH Kewullay"|"Palermo"|1|1|0|0|0|0|0|0|0|0|0|0|0|0|0|0|0|0|0|0|0|0|0|2
239|0|"CONTINI Matteo"|"Parma"|1|1|0|0|0|0|0|0|0|0|0|0|0|0|0|0|0|0|0|0|0|0|0|1
240|0|"CORDOBA Ivan Ramiro"|"Inter"|1|1|0|0|0|0|0|0|0|0|0|0|0|0|0|0|0|0|0|0|0|0|0|10
241|0|"COSTACURTA Alessandro"|"Milan"|1|1|0|0|0|0|0|0|0|0|0|0|0|0|0|0|0|0|0|0|0|0|0|4
242|0|"CUFRE' Leandro"|"Roma"|1|1|0|0|0|0|0|0|0|0|0|0|0|0|0|0|0|0|0|0|0|0|0|3
243|0|"DAINELLI Dario"|"Fiorentina"|1|1|0|0|0|0|0|0|0|0|0|0|0|0|0|0|0|0|0|0|0|0|0|8
244|0|"DAINO Daniele"|"Bologna"|1|1|0|0|0|0|0|0|0|0|0|0|0|0|0|0|0|0|0|0|0|0|0|5
245|0|"D'ANNA Lorenzo"|"Chievo"|1|1|0|0|0|0|0|0|0|0|0|0|0|0|0|0|0|0|0|0|0|0|0|7
246|0|"DE ROSA Gaetano"|"Reggina"|1|1|0|0|0|0|0|0|0|0|0|0|0|0|0|0|0|0|0|0|0|0|0|1
247|0|"DE VACA José"|"Udinese"|1|1|0|0|0|0|0|0|0|0|0|0|0|0|0|0|0|0|0|0|0|0|0|1
248|0|"DELLAS Traianos"|"Roma"|1|1|0|0|0|0|0|0|0|0|0|0|0|0|0|0|0|0|0|0|0|0|0|5
249|0|"DELLI CARRI Daniele"|"Fiorentina"|1|1|0|0|0|0|0|0|0|0|0|0|0|0|0|0|0|0|0|0|0|0|0|2
250|0|"DI BIAGIO Luigi"|"Brescia"|1|1|0|0|0|0|0|0|0|0|0|0|0|0|0|0|0|0|0|0|0|0|0|12
251|0|"DIAMOUTENE Seuleyman"|"Lecce"|1|1|0|0|0|0|0|0|0|0|0|0|0|0|0|0|0|0|0|0|0|0|0|3
252|0|"DOMIZZI Maurizio"|"Brescia"|1|1|0|0|0|0|0|0|0|0|0|0|0|0|0|0|0|0|0|0|0|0|0|8
253|0|"ESTEVES Ricardo"|"Reggina"|1|1|0|0|0|0|0|0|0|0|0|0|0|0|0|0|0|0|0|0|0|0|0|1
254|0|"FALCONE Giulio"|"Sampdoria"|1|1|0|0|0|0|0|0|0|0|0|0|0|0|0|0|0|0|0|0|0|0|0|7
255|0|"FALSINI Gianluca"|"Siena"|1|1|0|0|0|0|0|0|0|0|0|0|0|0|0|0|0|0|0|0|0|0|0|5
256|0|"FANUCCI Stefano"|"Livorno"|0|1|0|0|0|0|0|0|0|0|0|0|0|0|0|0|0|0|0|0|0|0|0|1
257|0|"FAVALLI Giuseppe"|"Inter"|1|1|0|0|0|0|0|0|0|0|0|0|0|0|0|0|0|0|0|0|0|0|0|14
258|0|"FELIPE"|"Udinese"|1|1|0|0|0|0|0|0|0|0|0|0|0|0|0|0|0|0|0|0|0|0|0|2
259|0|"FERRARA Ciro"|"Juventus"|1|1|0|0|0|0|0|0|0|0|0|0|0|0|0|0|0|0|0|0|0|0|0|8
260|0|"FERRARI Matteo"|"Roma"|1|1|0|0|0|0|0|0|0|0|0|0|0|0|0|0|0|0|0|0|0|0|0|12
261|0|"FERRI Michele"|"Palermo"|1|1|0|0|0|0|0|0|0|0|0|0|0|0|0|0|0|0|0|0|0|0|0|1
262|0|"FERRONETTI Damiano"|"Parma"|1|1|0|0|0|0|0|0|0|0|0|0|0|0|0|0|0|0|0|0|0|0|0|3
263|0|"FOGLIO Paolo"|"Siena"|1|1|0|0|0|0|0|0|0|0|0|0|0|0|0|0|0|0|0|0|0|0|0|1
264|0|"FRANCESCHINI Ivan"|"Reggina"|1|1|0|0|0|0|0|0|0|0|0|0|0|0|0|0|0|0|0|0|0|0|0|7
265|0|"FUSCO Luca"|"Messina"|1|1|0|0|0|0|0|0|0|0|0|0|0|0|0|0|0|0|0|0|0|0|0|5
266|0|"GAMARRA Carlos Alberto"|"Inter"|1|1|0|0|0|0|0|0|0|0|0|0|0|0|0|0|0|0|0|0|0|0|0|2
267|0|"GAMBERINI Alessandro"|"Bologna"|1|1|0|0|0|0|0|0|0|0|0|0|0|0|0|0|0|0|0|0|0|0|0|1
268|0|"GASTALDELLO Daniele"|"Chievo"|0|1|0|0|0|0|0|0|0|0|0|0|0|0|0|0|0|0|0|0|0|0|0|3
269|0|"GONNELLA Natale"|"Atalanta"|1|1|0|0|0|0|0|0|0|0|0|0|0|0|0|0|0|0|0|0|0|0|0|5
270|0|"GRANDONI Alessandro"|"Livorno"|1|1|0|0|0|0|0|0|0|0|0|0|0|0|0|0|0|0|0|0|0|0|0|4
271|0|"GROSSO Fabio"|"Palermo"|1|1|0|0|0|0|0|0|0|0|0|0|0|0|0|0|0|0|0|0|0|0|0|12
272|0|"INNOCENTI Duccio"|"Atalanta"|1|1|0|0|0|0|0|0|0|0|0|0|0|0|0|0|0|0|0|0|0|0|0|4
273|0|"IULIANO Mark"|"Juventus"|1|1|0|0|0|0|0|0|0|0|0|0|0|0|0|0|0|0|0|0|0|0|0|6
274|0|"JUAREZ De Souza"|"Bologna"|1|1|0|0|0|0|0|0|0|0|0|0|0|0|0|0|0|0|0|0|0|0|0|3
275|0|"KALADZE Kakha"|"Milan"|1|1|0|0|0|0|0|0|0|0|0|0|0|0|0|0|0|0|0|0|0|0|0|4
276|0|"KROLDRUP Per"|"Udinese"|1|1|0|0|0|0|0|0|0|0|0|0|0|0|0|0|0|0|0|0|0|0|0|10
277|0|"LANNA Salvatore"|"Chievo"|1|1|0|0|0|0|0|0|0|0|0|0|0|0|0|0|0|0|0|0|0|0|0|6
278|0|"LANZARO Maurizio"|"Roma"|0|1|0|0|0|0|0|0|0|0|0|0|0|0|0|0|0|0|0|0|0|0|0|2
279|0|"LEGROTTAGLIE Nicola"|"Juventus"|1|1|0|0|0|0|0|0|0|0|0|0|0|0|0|0|0|0|0|0|0|0|0|10
280|0|"LOPEZ Diego"|"Cagliari"|1|1|0|0|0|0|0|0|0|0|0|0|0|0|0|0|0|0|0|0|0|0|0|6
281|0|"LORENZI Stefano"|"Atalanta"|0|1|0|0|0|0|0|0|0|0|0|0|0|0|0|0|0|0|0|0|0|0|0|4
282|0|"LORIA Simone"|"Cagliari"|1|1|0|0|0|0|0|0|0|0|0|0|0|0|0|0|0|0|0|0|0|0|0|5
283|0|"LUCARELLI Alessandro"|"Livorno"|1|1|0|0|0|0|0|0|0|0|0|0|0|0|0|0|0|0|0|0|0|0|0|3
284|0|"MALAGO' Marco"|"Chievo"|1|1|0|0|0|0|0|0|0|0|0|0|0|0|0|0|0|0|0|0|0|0|0|1
285|0|"MALDINI Paolo"|"Milan"|1|1|0|0|0|0|0|0|0|0|0|0|0|0|0|0|0|0|0|0|0|0|0|20
286|0|"MALTAGLIATI Roberto"|"Cagliari"|1|1|0|0|0|0|0|0|0|0|0|0|0|0|0|0|0|0|0|0|0|0|0|5
287|0|"MANDELLI Davide"|"Chievo"|1|1|0|0|0|0|0|0|0|0|0|0|0|0|0|0|0|0|0|0|0|0|0|7
288|0|"MANFREDINI Thomas"|"Udinese"|0|1|0|0|0|0|0|0|0|0|0|0|0|0|0|0|0|0|0|0|0|0|0|3
289|0|"MARECO Victor Hugo"|"Brescia"|1|1|0|0|0|0|0|0|0|0|0|0|0|0|0|0|0|0|0|0|0|0|0|5
290|0|"MARTINEZ George"|"Reggina"|0|1|0|0|0|0|0|0|0|0|0|0|0|0|0|0|0|0|0|0|0|0|0|1
291|0|"MARTINEZ VIDAL Gilberto"|"Brescia"|1|1|0|0|0|0|0|0|0|0|0|0|0|0|0|0|0|0|0|0|0|0|0|7
292|0|"MATERAZZI Marco"|"Inter"|1|1|0|0|0|0|0|0|0|0|0|0|0|0|0|0|0|0|0|0|0|0|0|17
293|0|"MELARA Matteo"|"Livorno"|1|1|0|0|0|0|0|0|0|0|0|0|0|0|0|0|0|0|0|0|0|0|0|7
294|0|"MENSAH John"|"Chievo"|1|1|0|0|0|0|0|0|0|0|0|0|0|0|0|0|0|0|0|0|0|0|0|1
295|0|"MEXES Philippe"|"Roma"|1|1|0|0|0|0|0|0|0|0|0|0|0|0|0|0|0|0|0|0|0|0|0|17
296|0|"MICOLUCCI Vittorio"|"Udinese"|0|1|0|0|0|0|0|0|0|0|0|0|0|0|0|0|0|0|0|0|0|0|0|1
297|0|"MIGNANI Michele"|"Siena"|1|1|0|0|0|0|0|0|0|0|0|0|0|0|0|0|0|0|0|0|0|0|0|5
298|0|"MIHAJLOVIC Sinisa"|"Inter"|1|1|0|0|0|0|0|0|0|0|0|0|0|0|0|0|0|0|0|0|0|0|0|14
299|0|"MINELLI Mauro"|"Atalanta"|1|1|0|0|0|0|0|0|0|0|0|0|0|0|0|0|0|0|0|0|0|0|0|3
300|0|"MONTERO Paolo"|"Juventus"|1|1|0|0|0|0|0|0|0|0|0|0|0|0|0|0|0|0|0|0|0|0|0|10
301|0|"MORO Fabio"|"Chievo"|1|1|0|0|0|0|0|0|0|0|0|0|0|0|0|0|0|0|0|0|0|0|0|3
302|0|"NASTASE Valentin V."|"Bologna"|1|1|0|0|0|0|0|0|0|0|0|0|0|0|0|0|0|0|0|0|0|0|0|3
303|0|"NATALI Cesare"|"Atalanta"|1|1|0|0|0|0|0|0|0|0|0|0|0|0|0|0|0|0|0|0|0|0|0|12
304|0|"NEGRO Paolo"|"Lazio"|1|1|0|0|0|0|0|0|0|0|0|0|0|0|0|0|0|0|0|0|0|0|0|3
305|0|"NESTA Alessandro"|"Milan"|1|1|0|0|0|0|0|0|0|0|0|0|0|0|0|0|0|0|0|0|0|0|0|22
306|0|"ODDO Massimo"|"Lazio"|1|1|0|0|0|0|0|0|0|0|0|0|0|0|0|0|0|0|0|0|0|0|0|12
307|0|"OYOLA Gabriel Gaston"|"Parma"|0|1|0|0|0|0|0|0|0|0|0|0|0|0|0|0|0|0|0|0|0|0|0|1
308|0|"PACI Massimo"|"Lecce"|1|1|0|0|0|0|0|0|0|0|0|0|0|0|0|0|0|0|0|0|0|0|0|5
309|0|"PANCARO Giuseppe"|"Milan"|1|1|0|0|0|0|0|0|0|0|0|0|0|0|0|0|0|0|0|0|0|0|0|7
310|0|"PANUCCI Christian"|"Roma"|1|1|0|0|0|0|0|0|0|0|0|0|0|0|0|0|0|0|0|0|0|0|0|14
311|0|"PARISI Alessandro"|"Messina"|1|1|0|0|0|0|0|0|0|0|0|0|0|0|0|0|0|0|0|0|0|0|0|14
312|0|"PASQUALE Giovanni"|"Inter"|1|1|0|0|0|0|0|0|0|0|0|0|0|0|0|0|0|0|0|0|0|0|0|1
313|0|"PAVAN Simone"|"Sampdoria"|1|1|0|0|0|0|0|0|0|0|0|0|0|0|0|0|0|0|0|0|0|0|0|1
314|0|"PERNA Armando"|"Livorno"|0|1|0|0|0|0|0|0|0|0|0|0|0|0|0|0|0|0|0|0|0|0|0|1
315|0|"PESARESI Emanuele"|"Chievo"|1|1|0|0|0|0|0|0|0|0|0|0|0|0|0|0|0|0|0|0|0|0|0|1
316|0|"PESSOTTO Gianluca"|"Juventus"|1|1|0|0|0|0|0|0|0|0|0|0|0|0|0|0|0|0|0|0|0|0|0|7
317|0|"PETRUZZI Fabio"|"Bologna"|1|1|0|0|0|0|0|0|0|0|0|0|0|0|0|0|0|0|0|0|0|0|0|7
318|0|"PFERTZEL Marc"|"Livorno"|1|1|0|0|0|0|0|0|0|0|0|0|0|0|0|0|0|0|0|0|0|0|0|5
319|0|"PICCOLO Felice"|"Reggina"|1|1|0|0|0|0|0|0|0|0|0|0|0|0|0|0|0|0|0|0|0|0|0|3
320|0|"PIERINI Alessandro"|"Udinese"|0|1|0|0|0|0|0|0|0|0|0|0|0|0|0|0|0|0|0|0|0|0|0|1
321|0|"PISANO Marco"|"Sampdoria"|1|1|0|0|0|0|0|0|0|0|0|0|0|0|0|0|0|0|0|0|0|0|0|1
323|0|"POTENZA Alessandro"|"Parma"|1|1|0|0|0|0|0|0|0|0|0|0|0|0|0|0|0|0|0|0|0|0|0|5
324|0|"RAFAEL Pereira da Silva"|"Messina"|1|1|0|0|0|0|0|0|0|0|0|0|0|0|0|0|0|0|0|0|0|0|0|7
325|0|"REZAEI Rahman"|"Messina"|1|1|0|0|0|0|0|0|0|0|0|0|0|0|0|0|0|0|0|0|0|0|0|3
326|0|"RIVALTA Claudio"|"Atalanta"|1|1|0|0|0|0|0|0|0|0|0|0|0|0|0|0|0|0|0|0|0|0|0|1
327|0|"RULLO Erminio"|"Lecce"|1|1|0|0|0|0|0|0|0|0|0|0|0|0|0|0|0|0|0|0|0|0|0|1
328|0|"RUSTICO Fabio"|"Atalanta"|1|1|0|0|0|0|0|0|0|0|0|0|0|0|0|0|0|0|0|0|0|0|0|2
329|0|"SABATO Rocco"|"Cagliari"|1|1|0|0|0|0|0|0|0|0|0|0|0|0|0|0|0|0|0|0|0|0|0|1
330|0|"SACCHETTI Stefano"|"Sampdoria"|1|1|0|0|0|0|0|0|0|0|0|0|0|0|0|0|0|0|0|0|0|0|0|2
331|0|"SALA Luigi"|"Atalanta"|1|1|0|0|0|0|0|0|0|0|0|0|0|0|0|0|0|0|0|0|0|0|0|3
332|0|"SANTOS Gleison"|"Atalanta"|1|1|0|0|0|0|0|0|0|0|0|0|0|0|0|0|0|0|0|0|0|0|0|1
333|0|"SARTOR Luigi"|"Roma"|1|1|0|0|0|0|0|0|0|0|0|0|0|0|0|0|0|0|0|0|0|0|0|2
334|0|"SAVINI Mirko"|"Fiorentina"|1|1|0|0|0|0|0|0|0|0|0|0|0|0|0|0|0|0|0|0|0|0|0|5
335|0|"SENSINI Nestor"|"Udinese"|1|1|0|0|0|0|0|0|0|0|0|0|0|0|0|0|0|0|0|0|0|0|0|14
336|0|"SILVESTRI Cristian"|"Lecce"|1|1|0|0|0|0|0|0|0|0|0|0|0|0|0|0|0|0|0|0|0|0|0|3
337|0|"SIMIC Dario"|"Milan"|1|1|0|0|0|0|0|0|0|0|0|0|0|0|0|0|0|0|0|0|0|0|0|2
338|0|"SIVIGLIA Sebastiano"|"Lazio"|1|1|0|0|0|0|0|0|0|0|0|0|0|0|0|0|0|0|0|0|0|0|0|5
339|0|"SMIT Vlado"|"Bologna"|1|1|0|0|0|0|0|0|0|0|0|0|0|0|0|0|0|0|0|0|0|0|0|3
340|0|"SOTTIL Andrea"|"Udinese"|0|1|0|0|0|0|0|0|0|0|0|0|0|0|0|0|0|0|0|0|0|0|0|4
341|0|"STAM Jaap"|"Milan"|1|1|0|0|0|0|0|0|0|0|0|0|0|0|0|0|0|0|0|0|0|0|0|21
342|0|"STANKEVICIUS Marius"|"Brescia"|1|1|0|0|0|0|0|0|0|0|0|0|0|0|0|0|0|0|0|0|0|0|0|2
343|0|"STOVINI Lorenzo"|"Lecce"|1|1|0|0|0|0|0|0|0|0|0|0|0|0|0|0|0|0|0|0|0|0|0|9
344|0|"SUSSI Andrea"|"Bologna"|1|1|0|0|0|0|0|0|0|0|0|0|0|0|0|0|0|0|0|0|0|0|0|7
345|0|"TERLIZZI Christian"|"Palermo"|1|1|0|0|0|0|0|0|0|0|0|0|0|0|0|0|0|0|0|0|0|0|0|1
346|0|"TERZI Claudio"|"Bologna"|1|1|0|0|0|0|0|0|0|0|0|0|0|0|0|0|0|0|0|0|0|0|0|1
347|0|"THURAM Lilian"|"Juventus"|1|1|0|0|0|0|0|0|0|0|0|0|0|0|0|0|0|0|0|0|0|0|0|12
348|0|"TONETTO Max"|"Sampdoria"|1|1|0|0|0|0|0|0|0|0|0|0|0|0|0|0|0|0|0|0|0|0|0|9
349|0|"TUDOR Igor"|"Juventus"|1|1|0|0|0|0|0|0|0|0|0|0|0|0|0|0|0|0|0|0|0|0|0|6
350|0|"UJFALUSI Tomas"|"Fiorentina"|1|1|0|0|0|0|0|0|0|0|0|0|0|0|0|0|0|0|0|0|0|0|0|12
351|0|"VANIGLI Richard"|"Livorno"|0|1|0|0|0|0|0|0|0|0|0|0|0|0|0|0|0|0|0|0|0|0|0|3
352|0|"VARGAS Jeorge"|"Livorno"|1|1|0|0|0|0|0|0|0|0|0|0|0|0|0|0|0|0|0|0|0|0|0|6
353|0|"VIALI William"|"Fiorentina"|1|1|0|0|0|0|0|0|0|0|0|0|0|0|0|0|0|0|0|0|0|0|0|3
354|0|"ZACCARDO Cristian"|"Palermo"|1|1|0|0|0|0|0|0|0|0|0|0|0|0|0|0|0|0|0|0|0|0|0|4
355|0|"ZAMBELLI Marco"|"Brescia"|1|1|0|0|0|0|0|0|0|0|0|0|0|0|0|0|0|0|0|0|0|0|0|1
356|0|"ZAMBONI Marco"|"Reggina"|1|1|0|0|0|0|0|0|0|0|0|0|0|0|0|0|0|0|0|0|0|0|0|5
357|0|"ZAMBROTTA Gianluca"|"Juventus"|1|1|0|0|0|0|0|0|0|0|0|0|0|0|0|0|0|0|0|0|0|0|0|22
358|0|"ZANCHI Marco"|"Messina"|1|1|0|0|0|0|0|0|0|0|0|0|0|0|0|0|0|0|0|0|0|0|0|5
359|0|"ZANETTI Javier"|"Inter"|1|1|0|0|0|0|0|0|0|0|0|0|0|0|0|0|0|0|0|0|0|0|0|14
360|0|"ZAURI Luciano"|"Lazio"|1|1|0|0|0|0|0|0|0|0|0|0|0|0|0|0|0|0|0|0|0|0|0|12
361|0|"ZE MARIA"|"Inter"|1|1|0|0|0|0|0|0|0|0|0|0|0|0|0|0|0|0|0|0|0|0|0|14
362|0|"ZEBINA Jonathan"|"Juventus"|1|1|0|0|0|0|0|0|0|0|0|0|0|0|0|0|0|0|0|0|0|0|0|10
363|0|"ZENONI Cristian"|"Sampdoria"|1|1|0|0|0|0|0|0|0|0|0|0|0|0|0|0|0|0|0|0|0|0|0|8
364|0|"ZOBOLI Davide"|"Brescia"|1|1|0|0|0|0|0|0|0|0|0|0|0|0|0|0|0|0|0|0|0|0|0|4
365|0|"ZORO Marco A."|"Messina"|1|1|0|0|0|0|0|0|0|0|0|0|0|0|0|0|0|0|0|0|0|0|0|3
366|0|"PORTANOVA Daniele"|"Siena"|1|1|0|0|0|0|0|0|0|0|0|0|0|0|0|0|0|0|0|0|0|0|0|6
367|0|"SORONDO Gonzalo"|"Inter"|0|1|0|0|0|0|0|0|0|0|0|0|0|0|0|0|0|0|0|0|0|0|0|1
368|0|"EVANGELISTI Alessandro"|"Livorno"|1|1|0|0|0|0|0|0|0|0|0|0|0|0|0|0|0|0|0|0|0|0|0|1
369|0|"LOPEZ Oscar"|"Lazio"|1|1|0|0|0|0|0|0|0|0|0|0|0|0|0|0|0|0|0|0|0|0|0|8
370|0|"COUTO Fernando"|"Lazio"|1|1|0|0|0|0|0|0|0|0|0|0|0|0|0|0|0|0|0|0|0|0|0|8
371|0|"OSEI Emmanuel"|"Livorno"|1|1|0|0|0|0|0|0|0|0|0|0|0|0|0|0|0|0|0|0|0|0|0|1
372|0|"TORRISI Stefano"|"Bologna"|1|1|0|0|0|0|0|0|0|0|0|0|0|0|0|0|0|0|0|0|0|0|0|5
373|0|"BELLERI Manuel"|"Udinese"|1|1|0|0|0|0|0|0|0|0|0|0|0|0|0|0|0|0|0|0|0|0|0|4
374|0|"CRIBARI Sanchez Emilson"|"Udinese"|1|1|0|0|0|0|0|0|0|0|0|0|0|0|0|0|0|0|0|0|0|0|0|6
375|0|"SERIC Anthony"|"Lazio"|1|1|0|0|0|0|0|0|0|0|0|0|0|0|0|0|0|0|0|0|0|0|0|4
376|0|"MORABITO Giovanni"|"Reggina"|1|1|0|0|0|0|0|0|0|0|0|0|0|0|0|0|0|0|0|0|0|0|0|3
377|0|"NICOLA Davide"|"Siena"|1|1|0|0|0|0|0|0|0|0|0|0|0|0|0|0|0|0|0|0|0|0|0|5
378|0|"COLOCCINI Fabrizio"|"Milan"|1|1|0|0|0|0|0|0|0|0|0|0|0|0|0|0|0|0|0|0|0|0|0|6
379|0|"THIAGO Pimentel"|"Reggina"|0|1|0|0|0|0|0|0|0|0|0|0|0|0|0|0|0|0|0|0|0|0|0|4
380|0|"BEGA Francesco"|"Cagliari"|1|1|0|0|0|0|0|0|0|0|0|0|0|0|0|0|0|0|0|0|0|0|0|6
381|0|"LEQUI Matias Emanuel"|"Lazio"|1|1|0|0|0|0|0|0|0|0|0|0|0|0|0|0|0|0|0|0|0|0|0|5
382|0|"ESPOSITO Marco"|"Chievo"|1|1|0|0|0|0|0|0|0|0|0|0|0|0|0|0|0|0|0|0|0|0|0|2
501|0|"ABEIJON Nelson"|"Cagliari"|1|2|0|0|0|0|0|0|0|0|0|0|0|0|0|0|0|0|0|0|0|0|0|10
502|0|"ALBERTINI Demetrio"|"Atalanta"|1|2|0|0|0|0|0|0|0|0|0|0|0|0|0|0|0|0|0|0|0|0|0|18
503|0|"ALBERTO Valentin Do Carmo"|"Udinese"|1|2|0|0|0|0|0|0|0|0|0|0|0|0|0|0|0|0|0|0|0|0|0|6
504|0|"ALBINO Marcello"|"Cagliari"|1|2|0|0|0|0|0|0|0|0|0|0|0|0|0|0|0|0|0|0|0|0|0|6
505|0|"ALMEYDA Matias"|"Brescia"|1|2|0|0|0|0|0|0|0|0|0|0|0|0|0|0|0|0|0|0|0|0|0|10
506|0|"AMBROSINI Massimo"|"Milan"|1|2|0|0|0|0|0|0|0|0|0|0|0|0|0|0|0|0|0|0|0|0|0|6
507|0|"AMETRANO Raffaele"|"Messina"|1|2|0|0|0|0|0|0|0|0|0|0|0|0|0|0|0|0|0|0|0|0|0|1
508|0|"AMOROSO Christian"|"Bologna"|1|2|0|0|0|0|0|0|0|0|0|0|0|0|0|0|0|0|0|0|0|0|0|1
509|0|"ANTONINI Luca"|"Sampdoria"|0|2|0|0|0|0|0|0|0|0|0|0|0|0|0|0|0|0|0|0|0|0|0|1
510|0|"APPIAH Stephen"|"Juventus"|1|2|0|0|0|0|0|0|0|0|0|0|0|0|0|0|0|0|0|0|0|0|0|4
511|0|"AQUILANI Alberto"|"Roma"|1|2|0|0|0|0|0|0|0|0|0|0|0|0|0|0|0|0|0|0|0|0|0|3
512|0|"ARDITO Andrea"|"Siena"|1|2|0|0|0|0|0|0|0|0|0|0|0|0|0|0|0|0|0|0|0|0|0|4
513|0|"ARGILLI Stefano"|"Siena"|1|2|0|0|0|0|0|0|0|0|0|0|0|0|0|0|0|0|0|0|0|0|0|1
514|0|"ARIATTI Luca"|"Fiorentina"|1|2|0|0|0|0|0|0|0|0|0|0|0|0|0|0|0|0|0|0|0|0|0|2
515|0|"BABU' A. De Oliveira"|"Lecce"|1|2|0|0|0|0|0|0|0|0|0|0|0|0|0|0|0|0|0|0|0|0|0|1
516|0|"BACHINI Jonathan"|"Brescia"|1|2|0|0|0|0|0|0|0|0|0|0|0|0|0|0|0|0|0|0|0|0|0|12
517|0|"BAIOCCO Davide"|"Juventus"|0|2|0|0|0|0|0|0|0|0|0|0|0|0|0|0|0|0|0|0|0|0|0|3
518|0|"BARONE Simone"|"Palermo"|1|2|0|0|0|0|0|0|0|0|0|0|0|0|0|0|0|0|0|0|0|0|0|14
519|0|"BARONIO Roberto"|"Chievo"|1|2|0|0|0|0|0|0|0|0|0|0|0|0|0|0|0|0|0|0|0|0|0|6
520|0|"BERNARDINI Antonino"|"Atalanta"|1|2|0|0|0|0|0|0|0|0|0|0|0|0|0|0|0|0|0|0|0|0|0|5
521|0|"BINOTTO Jonatan"|"Bologna"|1|2|0|0|0|0|0|0|0|0|0|0|0|0|0|0|0|0|0|0|0|0|0|1
522|0|"BLASI Manuele"|"Juventus"|1|2|0|0|0|0|0|0|0|0|0|0|0|0|0|0|0|0|0|0|0|0|0|12
523|0|"BOLANO Correa Jorge Eladio"|"Parma"|1|2|0|0|0|0|0|0|0|0|0|0|0|0|0|0|0|0|0|0|0|0|0|6
524|0|"BOUDIANSKI Viktor"|"Reggina"|1|2|0|0|0|0|0|0|0|0|0|0|0|0|0|0|0|0|0|0|0|0|0|1
525|0|"BRAMBILLA Massimo"|"Cagliari"|1|2|0|0|0|0|0|0|0|0|0|0|0|0|0|0|0|0|0|0|0|0|0|8
526|0|"BRESCIANO Mark"|"Parma"|1|2|0|0|0|0|0|0|0|0|0|0|0|0|0|0|0|0|0|0|0|0|0|13
527|0|"BRIGHI Matteo"|"Chievo"|1|2|0|0|0|0|0|0|0|0|0|0|0|0|0|0|0|0|0|0|0|0|0|8
528|0|"BROCCHI Cristian"|"Milan"|1|2|0|0|0|0|0|0|0|0|0|0|0|0|0|0|0|0|0|0|0|0|0|3
529|0|"BUDEL Alessandro"|"Parma"|1|2|0|0|0|0|0|0|0|0|0|0|0|0|0|0|0|0|0|0|0|0|0|5
530|0|"CAMBIASSO Esteban"|"Inter"|1|2|0|0|0|0|0|0|0|0|0|0|0|0|0|0|0|0|0|0|0|0|0|9
531|0|"CAMORANESI Mauro"|"Juventus"|1|2|0|0|0|0|0|0|0|0|0|0|0|0|0|0|0|0|0|0|0|0|0|13
532|0|"CAMORANI Alfonso"|"Siena"|1|2|0|0|0|0|0|0|0|0|0|0|0|0|0|0|0|0|0|0|0|0|0|3
533|0|"CAMPOLO Sergio"|"Messina"|0|2|0|0|0|0|0|0|0|0|0|0|0|0|0|0|0|0|0|0|0|0|0|1
534|0|"CARRUS Davide"|"Fiorentina"|0|2|0|0|0|0|0|0|0|0|0|0|0|0|0|0|0|0|0|0|0|0|0|1
535|0|"CASSETTI Marco"|"Lecce"|1|2|0|0|0|0|0|0|0|0|0|0|0|0|0|0|0|0|0|0|0|0|0|10
536|0|"CESAR Rodriguez Aparecido"|"Lazio"|1|2|0|0|0|0|0|0|0|0|0|0|0|0|0|0|0|0|0|0|0|0|0|18
537|0|"CIARAMITARO Maurizio"|"Livorno"|0|2|0|0|0|0|0|0|0|0|0|0|0|0|0|0|0|0|0|0|0|0|0|3
538|0|"COLUCCI Leonardo"|"Bologna"|1|2|0|0|0|0|0|0|0|0|0|0|0|0|0|0|0|0|0|0|0|0|0|2
539|0|"CONTI Daniele"|"Cagliari"|1|2|0|0|0|0|0|0|0|0|0|0|0|0|0|0|0|0|0|0|0|0|0|3
540|0|"COPPOLA Carmine"|"Messina"|1|2|0|0|0|0|0|0|0|0|0|0|0|0|0|0|0|0|0|0|0|0|0|2
541|0|"CORINI Eugenio"|"Palermo"|1|2|0|0|0|0|0|0|0|0|0|0|0|0|0|0|0|0|0|0|0|0|0|22
542|0|"DABO Ousmane"|"Lazio"|1|2|0|0|0|0|0|0|0|0|0|0|0|0|0|0|0|0|0|0|0|0|0|5
543|0|"DACOURT Olivier"|"Roma"|1|2|0|0|0|0|0|0|0|0|0|0|0|0|0|0|0|0|0|0|0|0|0|16
544|0|"D'AGOSTINO Gaetano"|"Roma"|1|2|0|0|0|0|0|0|0|0|0|0|0|0|0|0|0|0|0|0|0|0|0|6
545|0|"DALLA BONA Samuele"|"Lecce"|1|2|0|0|0|0|0|0|0|0|0|0|0|0|0|0|0|0|0|0|0|0|0|12
546|0|"D'AVERSA Roberto"|"Siena"|1|2|0|0|0|0|0|0|0|0|0|0|0|0|0|0|0|0|0|0|0|0|0|8
547|0|"DAVIDS Edgar"|"Inter"|1|2|0|0|0|0|0|0|0|0|0|0|0|0|0|0|0|0|0|0|0|0|0|16
548|0|"DE ROSSI Daniele"|"Roma"|1|2|0|0|0|0|0|0|0|0|0|0|0|0|0|0|0|0|0|0|0|0|0|16
549|0|"DE VEZZE Daniele"|"Fiorentina"|1|2|0|0|0|0|0|0|0|0|0|0|0|0|0|0|0|0|0|0|0|0|0|2
550|0|"DEL NERO Simone"|"Brescia"|1|2|0|0|0|0|0|0|0|0|0|0|0|0|0|0|0|0|0|0|0|0|0|16
551|0|"DELNEVO Loris"|"Cagliari"|1|2|0|0|0|0|0|0|0|0|0|0|0|0|0|0|0|0|0|0|0|0|0|3
552|0|"DHORASOO Vikash"|"Milan"|1|2|0|0|0|0|0|0|0|0|0|0|0|0|0|0|0|0|0|0|0|0|0|5
553|0|"DI DONATO Daniele"|"Siena"|1|2|0|0|0|0|0|0|0|0|0|0|0|0|0|0|0|0|0|0|0|0|0|3
554|0|"DI LIVIO Angelo"|"Fiorentina"|1|2|0|0|0|0|0|0|0|0|0|0|0|0|0|0|0|0|0|0|0|0|0|2
555|0|"DIANA Aimo"|"Sampdoria"|1|2|0|0|0|0|0|0|0|0|0|0|0|0|0|0|0|0|0|0|0|0|0|14
556|0|"DIARRA Drissa"|"Lecce"|1|2|0|0|0|0|0|0|0|0|0|0|0|0|0|0|0|0|0|0|0|0|0|5
557|0|"DOGA Alessandro"|"Livorno"|1|2|0|0|0|0|0|0|0|0|0|0|0|0|0|0|0|0|0|0|0|0|0|2
558|0|"DONADEL Marco"|"Sampdoria"|1|2|0|0|0|0|0|0|0|0|0|0|0|0|0|0|0|0|0|0|0|0|0|10
559|0|"DONATI Massimo"|"Messina"|1|2|0|0|0|0|0|0|0|0|0|0|0|0|0|0|0|0|0|0|0|0|0|8
560|0|"DONI Cristiano"|"Sampdoria"|1|2|0|0|0|0|0|0|0|0|0|0|0|0|0|0|0|0|0|0|0|0|0|14
561|0|"EDUSEI Mark"|"Sampdoria"|1|2|0|0|0|0|0|0|0|0|0|0|0|0|0|0|0|0|0|0|0|0|0|1
562|0|"EMERSON Ferreira"|"Juventus"|1|2|0|0|0|0|0|0|0|0|0|0|0|0|0|0|0|0|0|0|0|0|0|30
563|0|"EMRE Belozoglu"|"Inter"|1|2|0|0|0|0|0|0|0|0|0|0|0|0|0|0|0|0|0|0|0|0|0|4
564|0|"EREMENKO Alexei"|"Lecce"|1|2|0|0|0|0|0|0|0|0|0|0|0|0|0|0|0|0|0|0|0|0|0|3
566|0|"MENEGAZZO Fernando"|"Siena"|1|2|0|0|0|0|0|0|0|0|0|0|0|0|0|0|0|0|0|0|0|0|0|5
567|0|"FILIPPINI Antonio"|"Lazio"|1|2|0|0|0|0|0|0|0|0|0|0|0|0|0|0|0|0|0|0|0|0|0|4
568|0|"FILIPPINI Emanuele"|"Lazio"|1|2|0|0|0|0|0|0|0|0|0|0|0|0|0|0|0|0|0|0|0|0|0|4
569|0|"FIUMICELLI Ernesto Luca"|"Brescia"|1|2|0|0|0|0|0|0|0|0|0|0|0|0|0|0|0|0|0|0|0|0|0|1
570|0|"FONTANA Gaetano"|"Fiorentina"|1|2|0|0|0|0|0|0|0|0|0|0|0|0|0|0|0|0|0|0|0|0|0|4
571|0|"FRANCESCHINI Daniele"|"Chievo"|1|2|0|0|0|0|0|0|0|0|0|0|0|0|0|0|0|0|0|0|0|0|0|6
572|0|"GASBARRONI Andrea"|"Palermo"|1|2|0|0|0|0|0|0|0|0|0|0|0|0|0|0|0|0|0|0|0|0|0|20
573|0|"GATTUSO Ivan Gennaro"|"Milan"|1|2|0|0|0|0|0|0|0|0|0|0|0|0|0|0|0|0|0|0|0|0|0|16
574|0|"GAUTIERI Carmine"|"Atalanta"|1|2|0|0|0|0|0|0|0|0|0|0|0|0|0|0|0|0|0|0|0|0|0|12
575|0|"GEMITI Giuseppe"|"Udinese"|0|2|0|0|0|0|0|0|0|0|0|0|0|0|0|0|0|0|0|0|0|0|0|1
576|0|"GENTILE Andrea"|"Messina"|0|2|0|0|0|0|0|0|0|0|0|0|0|0|0|0|0|0|0|0|0|0|0|2
577|0|"GIACOMAZZI Guillermo"|"Lecce"|1|2|0|0|0|0|0|0|0|0|0|0|0|0|0|0|0|0|0|0|0|0|0|3
578|0|"GIALLOMBARDO Andrea"|"Livorno"|1|2|0|0|0|0|0|0|0|0|0|0|0|0|0|0|0|0|0|0|0|0|0|10
579|0|"GIAMPA' Domenico"|"Messina"|1|2|0|0|0|0|0|0|0|0|0|0|0|0|0|0|0|0|0|0|0|0|0|3
580|0|"GIANNICHEDDA Giuliano"|"Lazio"|1|2|0|0|0|0|0|0|0|0|0|0|0|0|0|0|0|0|0|0|0|0|0|12
581|0|"GIUNTI Federico"|"Bologna"|1|2|0|0|0|0|0|0|0|0|0|0|0|0|0|0|0|0|0|0|0|0|0|10
582|0|"GOBBI Massimo"|"Cagliari"|1|2|0|0|0|0|0|0|0|0|0|0|0|0|0|0|0|0|0|0|0|0|0|8
583|0|"GRAUSO Claudio"|"Livorno"|1|2|0|0|0|0|0|0|0|0|0|0|0|0|0|0|0|0|0|0|0|0|0|3
584|0|"GUANA Roberto"|"Brescia"|1|2|0|0|0|0|0|0|0|0|0|0|0|0|0|0|0|0|0|0|0|0|0|1
585|0|"GUIGOU Gianni"|"Fiorentina"|1|2|0|0|0|0|0|0|0|0|0|0|0|0|0|0|0|0|0|0|0|0|0|6
586|0|"GULY Andres"|"Inter"|0|2|0|0|0|0|0|0|0|0|0|0|0|0|0|0|0|0|0|0|0|0|0|1
587|0|"HELGUERA Ivan"|"Fiorentina"|1|2|0|0|0|0|0|0|0|0|0|0|0|0|0|0|0|0|0|0|0|0|0|1
588|0|"JANKULOVSKI Marek"|"Udinese"|1|2|0|0|0|0|0|0|0|0|0|0|0|0|0|0|0|0|0|0|0|0|0|18
589|0|"JORGENSEN Martin"|"Fiorentina"|1|2|0|0|0|0|0|0|0|0|0|0|0|0|0|0|0|0|0|0|0|0|0|18
590|0|"JUNIOR Denilson de Souza"|"Parma"|1|2|0|0|0|0|0|0|0|0|0|0|0|0|0|0|0|0|0|0|0|0|0|2
591|0|"KAKA Ricardo"|"Milan"|1|2|0|0|0|0|0|0|0|0|0|0|0|0|0|0|0|0|0|0|0|0|0|35
592|0|"KAPO Olivier"|"Juventus"|1|2|0|0|0|0|0|0|0|0|0|0|0|0|0|0|0|0|0|0|0|0|0|10
593|0|"KARAGOUNIS Giorgios"|"Inter"|1|2|0|0|0|0|0|0|0|0|0|0|0|0|0|0|0|0|0|0|0|0|0|6
594|0|"KILY GONZALEZ"|"Inter"|1|2|0|0|0|0|0|0|0|0|0|0|0|0|0|0|0|0|0|0|0|0|0|6
595|0|"LAMOUCHI Sabri"|"Inter"|0|2|0|0|0|0|0|0|0|0|0|0|0|0|0|0|0|0|0|0|0|0|0|1
596|0|"LAVECCHIA Luigi"|"Messina"|0|2|0|0|0|0|0|0|0|0|0|0|0|0|0|0|0|0|0|0|0|0|0|2
597|0|"LEDESMA Christian"|"Lecce"|1|2|0|0|0|0|0|0|0|0|0|0|0|0|0|0|0|0|0|0|0|0|0|13
598|0|"LEON Julio Cesar"|"Reggina"|0|2|0|0|0|0|0|0|0|0|0|0|0|0|0|0|0|0|0|0|0|0|0|1
599|0|"LIMBERSKY David"|"Udinese"|1|2|0|0|0|0|0|0|0|0|0|0|0|0|0|0|0|0|0|0|0|0|0|1
600|0|"LIVERANI Fabio"|"Lazio"|1|2|0|0|0|0|0|0|0|0|0|0|0|0|0|0|0|0|0|0|0|0|0|10
601|0|"LOVISO Massimo"|"Bologna"|1|2|0|0|0|0|0|0|0|0|0|0|0|0|0|0|0|0|0|0|0|0|0|1
602|0|"LUCIANO"|"Chievo"|1|2|0|0|0|0|0|0|0|0|0|0|0|0|0|0|0|0|0|0|0|0|0|4
603|0|"MAGGIO Cristian"|"Fiorentina"|1|2|0|0|0|0|0|0|0|0|0|0|0|0|0|0|0|0|0|0|0|0|0|3
604|0|"MAMEDE Jose' Aleixo"|"Messina"|1|2|0|0|0|0|0|0|0|0|0|0|0|0|0|0|0|0|0|0|0|0|0|8
605|0|"MANCINI Amantino"|"Roma"|1|2|0|0|0|0|0|0|0|0|0|0|0|0|0|0|0|0|0|0|0|0|0|25
606|0|"MANNINI"|"Brescia"|1|2|0|0|0|0|0|0|0|0|0|0|0|0|0|0|0|0|0|0|0|0|0|4
607|0|"MARCHIONNI Marco"|"Parma"|1|2|0|0|0|0|0|0|0|0|0|0|0|0|0|0|0|0|0|0|0|0|0|14
608|0|"MARCOLINI Michele"|"Atalanta"|1|2|0|0|0|0|0|0|0|0|0|0|0|0|0|0|0|0|0|0|0|0|0|9
609|0|"MARESCA Enzo"|"Fiorentina"|1|2|0|0|0|0|0|0|0|0|0|0|0|0|0|0|0|0|0|0|0|0|0|20
610|0|"MARIANINI Francesco"|"Lecce"|1|2|0|0|0|0|0|0|0|0|0|0|0|0|0|0|0|0|0|0|0|0|0|12
611|0|"MESTO Giandomenico"|"Reggina"|1|2|0|0|0|0|0|0|0|0|0|0|0|0|0|0|0|0|0|0|0|0|0|8
612|0|"MINGAZZINI Nicola"|"Atalanta"|1|2|0|0|0|0|0|0|0|0|0|0|0|0|0|0|0|0|0|0|0|0|0|3
613|0|"MONTOLIVO Riccardo"|"Atalanta"|1|2|0|0|0|0|0|0|0|0|0|0|0|0|0|0|0|0|0|0|0|0|0|16
614|0|"MORFEO Domenico"|"Parma"|1|2|0|0|0|0|0|0|0|0|0|0|0|0|0|0|0|0|0|0|0|0|0|14
615|0|"MORRONE Stefano"|"Palermo"|1|2|0|0|0|0|0|0|0|0|0|0|0|0|0|0|0|0|0|0|0|0|0|3
616|0|"MOZART Junior Santos"|"Reggina"|1|2|0|0|0|0|0|0|0|0|0|0|0|0|0|0|0|0|0|0|0|0|0|6
617|0|"MUNTARI Sulley Ali"|"Udinese"|1|2|0|0|0|0|0|0|0|0|0|0|0|0|0|0|0|0|0|0|0|0|0|2
618|0|"MUTARELLI Massimo"|"Palermo"|1|2|0|0|0|0|0|0|0|0|0|0|0|0|0|0|0|0|0|0|0|0|0|4
619|0|"NAKAMURA Shunsuke"|"Reggina"|1|2|0|0|0|0|0|0|0|0|0|0|0|0|0|0|0|0|0|0|0|0|0|12
620|0|"NAKATA Hidetoshi"|"Fiorentina"|1|2|0|0|0|0|0|0|0|0|0|0|0|0|0|0|0|0|0|0|0|0|0|20
621|0|"NEDVED Pavel"|"Juventus"|1|2|0|0|0|0|0|0|0|0|0|0|0|0|0|0|0|0|0|0|0|0|0|30
622|0|"NERVO Carlo"|"Bologna"|1|2|0|0|0|0|0|0|0|0|0|0|0|0|0|0|0|0|0|0|0|0|0|8
623|0|"OBODO Chris"|"Fiorentina"|1|2|0|0|0|0|0|0|0|0|0|0|0|0|0|0|0|0|0|0|0|0|0|6
624|0|"OLIVERA Ruben"|"Juventus"|1|2|0|0|0|0|0|0|0|0|0|0|0|0|0|0|0|0|0|0|0|0|0|8
625|0|"PAGANO Biagio"|"Sampdoria"|1|2|0|0|0|0|0|0|0|0|0|0|0|0|0|0|0|0|0|0|0|0|0|1
626|0|"PALOMBO Angelo"|"Sampdoria"|1|2|0|0|0|0|0|0|0|0|0|0|0|0|0|0|0|0|0|0|0|0|0|5
627|0|"PANDEV Goran"|"Lazio"|1|2|0|0|0|0|0|0|0|0|0|0|0|0|0|0|0|0|0|0|0|0|0|8
628|0|"PAREDES Carlos Humberto"|"Reggina"|1|2|0|0|0|0|0|0|0|0|0|0|0|0|0|0|0|0|0|0|0|0|0|4
629|0|"PASSONI Dario"|"Livorno"|1|2|0|0|0|0|0|0|0|0|0|0|0|0|0|0|0|0|0|0|0|0|0|4
630|0|"PAZIENZA Michele"|"Udinese"|1|2|0|0|0|0|0|0|0|0|0|0|0|0|0|0|0|0|0|0|0|0|0|3
631|0|"PECCHIA Fabio"|"Siena"|1|2|0|0|0|0|0|0|0|0|0|0|0|0|0|0|0|0|0|0|0|0|0|6
632|0|"PERROTTA Simone"|"Roma"|1|2|0|0|0|0|0|0|0|0|0|0|0|0|0|0|0|0|0|0|0|0|0|13
633|0|"PIANGERELLI Luigi"|"Fiorentina"|1|2|0|0|0|0|0|0|0|0|0|0|0|0|0|0|0|0|0|0|0|0|0|2
634|0|"PIERI Mirko"|"Udinese"|1|2|0|0|0|0|0|0|0|0|0|0|0|0|0|0|0|0|0|0|0|0|0|1
635|0|"PINARDI Alex"|"Lecce"|1|2|0|0|0|0|0|0|0|0|0|0|0|0|0|0|0|0|0|0|0|0|0|5
636|0|"PINNA Sebastiano"|"Cagliari"|0|2|0|0|0|0|0|0|0|0|0|0|0|0|0|0|0|0|0|0|0|0|0|1
637|0|"PINZI Giampiero"|"Udinese"|1|2|0|0|0|0|0|0|0|0|0|0|0|0|0|0|0|0|0|0|0|0|0|6
638|0|"PIRLO Andrea"|"Milan"|1|2|0|0|0|0|0|0|0|0|0|0|0|0|0|0|0|0|0|0|0|0|0|28
639|0|"PIZARRO David Cortes"|"Udinese"|1|2|0|0|0|0|0|0|0|0|0|0|0|0|0|0|0|0|0|0|0|0|0|20
640|0|"REBECCHI Mario"|"Parma"|1|2|0|0|0|0|0|0|0|0|0|0|0|0|0|0|0|0|0|0|0|0|0|4
641|0|"ROSINA Alessandro"|"Parma"|1|2|0|0|0|0|0|0|0|0|0|0|0|0|0|0|0|0|0|0|0|0|0|3
642|0|"RUI COSTA Manuel"|"Milan"|1|2|0|0|0|0|0|0|0|0|0|0|0|0|0|0|0|0|0|0|0|0|0|14
643|0|"RUOTOLO Gennaro"|"Livorno"|1|2|0|0|0|0|0|0|0|0|0|0|0|0|0|0|0|0|0|0|0|0|0|1
644|0|"SANTANA Mario Alberto"|"Palermo"|1|2|0|0|0|0|0|0|0|0|0|0|0|0|0|0|0|0|0|0|0|0|0|18
645|0|"SCHOPP Markus"|"Brescia"|1|2|0|0|0|0|0|0|0|0|0|0|0|0|0|0|0|0|0|0|0|0|0|3
646|0|"SEEDORF Clarence"|"Milan"|1|2|0|0|0|0|0|0|0|0|0|0|0|0|0|0|0|0|0|0|0|0|0|14
647|0|"SEMIOLI Franco"|"Chievo"|1|2|0|0|0|0|0|0|0|0|0|0|0|0|0|0|0|0|0|0|0|0|0|13
648|0|"SERGINHO Claudio Santos"|"Milan"|1|2|0|0|0|0|0|0|0|0|0|0|0|0|0|0|0|0|0|0|0|0|0|5
649|0|"STANKOVIC Dejan"|"Inter"|1|2|0|0|0|0|0|0|0|0|0|0|0|0|0|0|0|0|0|0|0|0|0|25
650|0|"SULLO Salvatore"|"Messina"|1|2|0|0|0|0|0|0|0|0|0|0|0|0|0|0|0|0|0|0|0|0|0|2
651|0|"TACCHINARDI Alessio"|"Juventus"|1|2|0|0|0|0|0|0|0|0|0|0|0|0|0|0|0|0|0|0|0|0|0|6
652|0|"TADDEI Rodrigo"|"Siena"|1|2|0|0|0|0|0|0|0|0|0|0|0|0|0|0|0|0|0|0|0|0|0|18
653|0|"TEDESCO Giacomo"|"Reggina"|1|2|0|0|0|0|0|0|0|0|0|0|0|0|0|0|0|0|0|0|0|0|0|6
654|0|"TOLEDO Machado"|"Udinese"|1|2|0|0|0|0|0|0|0|0|0|0|0|0|0|0|0|0|0|0|0|0|0|3
655|0|"TOMMASI Damiano"|"Roma"|1|2|0|0|0|0|0|0|0|0|0|0|0|0|0|0|0|0|0|0|0|0|0|1
656|0|"VALDES Jaime"|"Fiorentina"|1|2|0|0|0|0|0|0|0|0|0|0|0|0|0|0|0|0|0|0|0|0|0|4
657|0|"VAN DER MEYDE Andy"|"Inter"|1|2|0|0|0|0|0|0|0|0|0|0|0|0|0|0|0|0|0|0|0|0|0|6
658|0|"VANNUCCHI Ighli"|"Palermo"|0|2|0|0|0|0|0|0|0|0|0|0|0|0|0|0|0|0|0|0|0|0|0|3
659|0|"VERGASSOLA Simone"|"Siena"|1|2|0|0|0|0|0|0|0|0|0|0|0|0|0|0|0|0|0|0|0|0|0|3
660|0|"VERON Juan Sebastian"|"Inter"|1|2|0|0|0|0|0|0|0|0|0|0|0|0|0|0|0|0|0|0|0|0|0|18
661|0|"VIDIGAL Da Cruz"|"Livorno"|1|2|0|0|0|0|0|0|0|0|0|0|0|0|0|0|0|0|0|0|0|0|0|5
662|0|"VIGIANI Luca"|"Livorno"|1|2|0|0|0|0|0|0|0|0|0|0|0|0|0|0|0|0|0|0|0|0|0|1
663|0|"VOLPI Sergio"|"Sampdoria"|1|2|0|0|0|0|0|0|0|0|0|0|0|0|0|0|0|0|0|0|0|0|0|12
664|0|"ZAGORAKIS Theodoros"|"Bologna"|1|2|0|0|0|0|0|0|0|0|0|0|0|0|0|0|0|0|0|0|0|0|0|16
665|0|"ZANCHETTA Andrea"|"Chievo"|1|2|0|0|0|0|0|0|0|0|0|0|0|0|0|0|0|0|0|0|0|0|0|4
666|0|"ZANETTI Cristiano"|"Inter"|1|2|0|0|0|0|0|0|0|0|0|0|0|0|0|0|0|0|0|0|0|0|0|6
667|0|"ZAULI Lamberto"|"Palermo"|1|2|0|0|0|0|0|0|0|0|0|0|0|0|0|0|0|0|0|0|0|0|0|4
668|0|"ZENONI Damiano"|"Atalanta"|1|2|0|0|0|0|0|0|0|0|0|0|0|0|0|0|0|0|0|0|0|0|0|10
669|0|"ZIVKOVIC Bratislav"|"Sampdoria"|1|2|0|0|0|0|0|0|0|0|0|0|0|0|0|0|0|0|0|0|0|0|0|1
670|0|"CORDOVA Nicolas"|"Livorno"|1|2|0|0|0|0|0|0|0|0|0|0|0|0|0|0|0|0|0|0|0|0|0|9
671|0|"GONZALES Mariano"|"Palermo"|1|2|0|0|0|0|0|0|0|0|0|0|0|0|0|0|0|0|0|0|0|0|0|8
672|0|"VERON Ricardo"|"Reggina"|1|2|0|0|0|0|0|0|0|0|0|0|0|0|0|0|0|0|0|0|0|0|0|2
673|0|"ABATE Ignazio"|"Milan"|1|2|0|0|0|0|0|0|0|0|0|0|0|0|0|0|0|0|0|0|0|0|0|1
674|0|"SIMPLICIO Fabio"|"Parma"|1|2|0|0|0|0|0|0|0|0|0|0|0|0|0|0|0|0|0|0|0|0|0|2
675|0|"DEFRANCESCHI Ivone"|"Chievo"|1|2|0|0|0|0|0|0|0|0|0|0|0|0|0|0|0|0|0|0|0|0|0|6
676|0|"GAMBADORI Alessandro"|"Livorno"|1|2|0|0|0|0|0|0|0|0|0|0|0|0|0|0|0|0|0|0|0|0|0|1
677|0|"RAIMONDI Cristian"|"Palermo"|1|2|0|0|0|0|0|0|0|0|0|0|0|0|0|0|0|0|0|0|0|0|0|4
678|0|"COLUCCI Giuseppe"|"Reggina"|1|2|0|0|0|0|0|0|0|0|0|0|0|0|0|0|0|0|0|0|0|0|0|8
679|0|"GRELLA Vincenzo"|"Parma"|1|2|0|0|0|0|0|0|0|0|0|0|0|0|0|0|0|0|0|0|0|0|0|7
680|0|"GONZALEZ Esteban"|"Lazio"|1|2|0|0|0|0|0|0|0|0|0|0|0|0|0|0|0|0|0|0|0|0|0|5
681|0|"MEA Miguel Angel"|"Lazio"|1|2|0|0|0|0|0|0|0|0|0|0|0|0|0|0|0|0|0|0|0|0|0|3
682|0|"TALAMONTI Leonardo"|"Lazio"|1|2|0|0|0|0|0|0|0|0|0|0|0|0|0|0|0|0|0|0|0|0|0|5
683|0|"ROBERT Bryan"|"Lazio"|1|2|0|0|0|0|0|0|0|0|0|0|0|0|0|0|0|0|0|0|0|0|0|4
684|0|"MAURI Stefano"|"Udinese"|1|2|0|0|0|0|0|0|0|0|0|0|0|0|0|0|0|0|0|0|0|0|0|8
685|0|"MILANETTO Omar"|"Brescia"|1|2|0|0|0|0|0|0|0|0|0|0|0|0|0|0|0|0|0|0|0|0|0|12
686|0|"ALLEGRETTI Riccardo"|"Chievo"|1|2|0|0|0|0|0|0|0|0|0|0|0|0|0|0|0|0|0|0|0|0|0|4
687|0|"DELLA MORTE Ivano"|"Siena"|0|2|0|0|0|0|0|0|0|0|0|0|0|0|0|0|0|0|0|0|0|0|0|7
688|0|"PERALTA Horacio"|"Cagliari"|1|2|0|0|0|0|0|0|0|0|0|0|0|0|0|0|0|0|0|0|0|0|0|4
689|0|"CUCCIARI Alessandro"|"Messina"|1|2|0|0|0|0|0|0|0|0|0|0|0|0|0|0|0|0|0|0|0|0|0|4
690|0|"ESPOSITO Gennaro"|"Siena"|1|2|0|0|0|0|0|0|0|0|0|0|0|0|0|0|0|0|0|0|0|0|0|2
801|0|"ADRIANO Leite Ribeiro"|"Inter"|1|3|0|0|0|0|0|0|0|0|0|0|0|0|0|0|0|0|0|0|0|0|0|55
802|0|"AMAURI Carvalho De O."|"Chievo"|1|3|0|0|0|0|0|0|0|0|0|0|0|0|0|0|0|0|0|0|0|0|0|7
804|0|"BAZZANI Fabio"|"Sampdoria"|1|3|0|0|0|0|0|0|0|0|0|0|0|0|0|0|0|0|0|0|0|0|0|35
805|0|"BELLUCCI Claudio"|"Bologna"|1|3|0|0|0|0|0|0|0|0|0|0|0|0|0|0|0|0|0|0|0|0|0|9
806|0|"BIANCHI Rolando"|"Cagliari"|1|3|0|0|0|0|0|0|0|0|0|0|0|0|0|0|0|0|0|0|0|0|0|4
807|0|"BILIOTTI Emiliano"|"Livorno"|1|3|0|0|0|0|0|0|0|0|0|0|0|0|0|0|0|0|0|0|0|0|0|3
808|0|"BOGDANI Erjon"|"Reggina"|0|3|0|0|0|0|0|0|0|0|0|0|0|0|0|0|0|0|0|0|0|0|0|7
809|0|"BOJINOV Valeri E."|"Lecce"|1|3|0|0|0|0|0|0|0|0|0|0|0|0|0|0|0|0|0|0|0|0|0|27
810|0|"BONAZZOLI Emiliano"|"Reggina"|1|3|0|0|0|0|0|0|0|0|0|0|0|0|0|0|0|0|0|0|0|0|0|20
811|0|"BORRIELLO Marco"|"Reggina"|1|3|0|0|0|0|0|0|0|0|0|0|0|0|0|0|0|0|0|0|0|0|0|21
812|0|"BRIENZA Franco"|"Palermo"|1|3|0|0|0|0|0|0|0|0|0|0|0|0|0|0|0|0|0|0|0|0|0|6
813|0|"BUDAN Igor"|"Atalanta"|1|3|0|0|0|0|0|0|0|0|0|0|0|0|0|0|0|0|0|0|0|0|0|10
814|0|"CAMMARATA Fabrizio"|"Cagliari"|0|3|0|0|0|0|0|0|0|0|0|0|0|0|0|0|0|0|0|0|0|0|0|4
815|0|"CAPONE Andrea"|"Cagliari"|0|3|0|0|0|0|0|0|0|0|0|0|0|0|0|0|0|0|0|0|0|0|0|5
816|0|"CARACCIOLO Andrea"|"Brescia"|1|3|0|0|0|0|0|0|0|0|0|0|0|0|0|0|0|0|0|0|0|0|0|25
817|0|"CASSANO Antonio"|"Roma"|1|3|0|0|0|0|0|0|0|0|0|0|0|0|0|0|0|0|0|0|0|0|0|40
818|0|"CERCI Alessio"|"Roma"|1|3|0|0|0|0|0|0|0|0|0|0|0|0|0|0|0|0|0|0|0|0|0|2
819|0|"CHIESA Enrico"|"Siena"|1|3|0|0|0|0|0|0|0|0|0|0|0|0|0|0|0|0|0|0|0|0|0|26
820|0|"CHIUMIENTO Davide"|"Siena"|1|3|0|0|0|0|0|0|0|0|0|0|0|0|0|0|0|0|0|0|0|0|0|5
821|0|"CIPRIANI Giacomo"|"Bologna"|1|3|0|0|0|0|0|0|0|0|0|0|0|0|0|0|0|0|0|0|0|0|0|17
822|0|"COLOMBO Corrado"|"Livorno"|1|3|0|0|0|0|0|0|0|0|0|0|0|0|0|0|0|0|0|0|0|0|0|18
823|0|"COMANDINI Gianni"|"Atalanta"|1|3|0|0|0|0|0|0|0|0|0|0|0|0|0|0|0|0|0|0|0|0|0|10
824|0|"CORVIA Daniele"|"Roma"|1|3|0|0|0|0|0|0|0|0|0|0|0|0|0|0|0|0|0|0|0|0|0|2
825|0|"COSSATO Federico"|"Chievo"|1|3|0|0|0|0|0|0|0|0|0|0|0|0|0|0|0|0|0|0|0|0|0|10
826|0|"CRESPO Hernan"|"Milan"|1|3|0|0|0|0|0|0|0|0|0|0|0|0|0|0|0|0|0|0|0|0|0|30
827|0|"CRUZ Julio Ricardo"|"Inter"|1|3|0|0|0|0|0|0|0|0|0|0|0|0|0|0|0|0|0|0|0|0|0|12
828|0|"DANILEVICIUS Tomas"|"Livorno"|1|3|0|0|0|0|0|0|0|0|0|0|0|0|0|0|0|0|0|0|0|0|0|4
829|0|"DEGANO Daniel"|"Parma"|1|3|0|0|0|0|0|0|0|0|0|0|0|0|0|0|0|0|0|0|0|0|0|2
830|0|"DEL PIERO Alessandro"|"Juventus"|1|3|0|0|0|0|0|0|0|0|0|0|0|0|0|0|0|0|0|0|0|0|0|35
831|0|"DELGADO Alfonso Roberto"|"Lazio"|1|3|0|0|0|0|0|0|0|0|0|0|0|0|0|0|0|0|0|0|0|0|0|2
832|0|"DELLA Rocca Luigi"|"Bologna"|0|3|0|0|0|0|0|0|0|0|0|0|0|0|0|0|0|0|0|0|0|0|0|8
833|0|"DELVECCHIO Marco"|"Roma"|1|3|0|0|0|0|0|0|0|0|0|0|0|0|0|0|0|0|0|0|0|0|0|15
834|0|"DI MICHELE David"|"Udinese"|1|3|0|0|0|0|0|0|0|0|0|0|0|0|0|0|0|0|0|0|0|0|0|17
835|0|"DI NAPOLI Arturo"|"Messina"|1|3|0|0|0|0|0|0|0|0|0|0|0|0|0|0|0|0|0|0|0|0|0|24
836|0|"DIONIGI Davide"|"Reggina"|1|3|0|0|0|0|0|0|0|0|0|0|0|0|0|0|0|0|0|0|0|0|0|20
837|0|"ESPOSITO Mauro"|"Cagliari"|1|3|0|0|0|0|0|0|0|0|0|0|0|0|0|0|0|0|0|0|0|0|0|19
838|0|"FANTINI Enrico"|"Fiorentina"|1|3|0|0|0|0|0|0|0|0|0|0|0|0|0|0|0|0|0|0|0|0|0|10
839|0|"FARIAS Ernesto"|"Palermo"|1|3|0|0|0|0|0|0|0|0|0|0|0|0|0|0|0|0|0|0|0|0|0|18
840|0|"FAVA Dino"|"Udinese"|1|3|0|0|0|0|0|0|0|0|0|0|0|0|0|0|0|0|0|0|0|0|0|26
841|0|"FLACHI Francesco"|"Sampdoria"|1|3|0|0|0|0|0|0|0|0|0|0|0|0|0|0|0|0|0|0|0|0|0|21
842|0|"FLO Tore Andre"|"Siena"|1|3|0|0|0|0|0|0|0|0|0|0|0|0|0|0|0|0|0|0|0|0|0|15
843|0|"GANCI Massimo"|"Reggina"|1|3|0|0|0|0|0|0|0|0|0|0|0|0|0|0|0|0|0|0|0|0|0|10
844|0|"GILARDINO Alberto"|"Parma"|1|3|0|0|0|0|0|0|0|0|0|0|0|0|0|0|0|0|0|0|0|0|0|55
845|0|"GRAFFIEDI Mattia"|"Siena"|1|3|0|0|0|0|0|0|0|0|0|0|0|0|0|0|0|0|0|0|0|0|0|5
846|0|"GRIECO Gaetano"|"Parma"|1|3|0|0|0|0|0|0|0|0|0|0|0|0|0|0|0|0|0|0|0|0|0|2
847|0|"IAQUINTA Vincenzo"|"Udinese"|1|3|0|0|0|0|0|0|0|0|0|0|0|0|0|0|0|0|0|0|0|0|0|19
848|0|"ILIEV Ivica"|"Messina"|1|3|0|0|0|0|0|0|0|0|0|0|0|0|0|0|0|0|0|0|0|0|0|17
849|0|"INACIO Pia' Joao Baptista"|"Atalanta"|1|3|0|0|0|0|0|0|0|0|0|0|0|0|0|0|0|0|0|0|0|0|0|16
850|0|"INZAGHI Filippo"|"Milan"|1|3|0|0|0|0|0|0|0|0|0|0|0|0|0|0|0|0|0|0|0|0|0|24
851|0|"INZAGHI Simone"|"Lazio"|1|3|0|0|0|0|0|0|0|0|0|0|0|0|0|0|0|0|0|0|0|0|0|24
852|0|"JOB Thomas Herve"|"Sampdoria"|0|3|0|0|0|0|0|0|0|0|0|0|0|0|0|0|0|0|0|0|0|0|0|2
853|0|"KONAN Alex Cedric"|"Lecce"|1|3|0|0|0|0|0|0|0|0|0|0|0|0|0|0|0|0|0|0|0|0|0|24
854|0|"KUTUZOV Vitali"|"Sampdoria"|1|3|0|0|0|0|0|0|0|0|0|0|0|0|0|0|0|0|0|0|0|0|0|7
855|0|"LANGELLA Antonio"|"Cagliari"|1|3|0|0|0|0|0|0|0|0|0|0|0|0|0|0|0|0|0|0|0|0|0|4
856|0|"LOCATELLI Tomas"|"Bologna"|1|3|0|0|0|0|0|0|0|0|0|0|0|0|0|0|0|0|0|0|0|0|0|13
857|0|"LUCARELLI Cristiano"|"Livorno"|1|3|0|0|0|0|0|0|0|0|0|0|0|0|0|0|0|0|0|0|0|0|0|23
858|0|"MANFREDINI Cristian"|"Lazio"|1|3|0|0|0|0|0|0|0|0|0|0|0|0|0|0|0|0|0|0|0|0|0|5
859|0|"MARCHESETTI Mattia"|"Chievo"|1|3|0|0|0|0|0|0|0|0|0|0|0|0|0|0|0|0|0|0|0|0|0|2
860|0|"MARTINS Obafemi"|"Inter"|1|3|0|0|0|0|0|0|0|0|0|0|0|0|0|0|0|0|0|0|0|0|0|22
861|0|"MEGHNI Mourad"|"Bologna"|1|3|0|0|0|0|0|0|0|0|0|0|0|0|0|0|0|0|0|0|0|0|0|9
862|0|"MICCOLI Fabrizio"|"Fiorentina"|1|3|0|0|0|0|0|0|0|0|0|0|0|0|0|0|0|0|0|0|0|0|0|22
863|0|"MONTELLA Vincenzo"|"Roma"|1|3|0|0|0|0|0|0|0|0|0|0|0|0|0|0|0|0|0|0|0|0|0|18
865|0|"MUZZI Roberto"|"Lazio"|1|3|0|0|0|0|0|0|0|0|0|0|0|0|0|0|0|0|0|0|0|0|0|20
866|0|"PAZZINI Giampaolo"|"Atalanta"|1|3|0|0|0|0|0|0|0|0|0|0|0|0|0|0|0|0|0|0|0|0|0|19
867|0|"PELLE' Graziano"|"Lecce"|1|3|0|0|0|0|0|0|0|0|0|0|0|0|0|0|0|0|0|0|0|0|0|2
868|0|"PELLISSIER Sergio"|"Chievo"|1|3|0|0|0|0|0|0|0|0|0|0|0|0|0|0|0|0|0|0|0|0|0|10
869|0|"PORTILLO Javier Garcia"|"Fiorentina"|1|3|0|0|0|0|0|0|0|0|0|0|0|0|0|0|0|0|0|0|0|0|0|25
870|0|"POZZI Nicola"|"Milan"|1|3|0|0|0|0|0|0|0|0|0|0|0|0|0|0|0|0|0|0|0|0|0|5
871|0|"PROTTI Igor"|"Livorno"|1|3|0|0|0|0|0|0|0|0|0|0|0|0|0|0|0|0|0|0|0|0|0|21
872|0|"RASIAK Grzegorz"|"Siena"|1|3|0|0|0|0|0|0|0|0|0|0|0|0|0|0|0|0|0|0|0|0|0|2
873|0|"RECOBA Alvaro"|"Inter"|1|3|0|0|0|0|0|0|0|0|0|0|0|0|0|0|0|0|0|0|0|0|0|20
874|0|"RIGANO' Cristian"|"Fiorentina"|1|3|0|0|0|0|0|0|0|0|0|0|0|0|0|0|0|0|0|0|0|0|0|20
875|0|"ROSSINI Fausto"|"Sampdoria"|1|3|0|0|0|0|0|0|0|0|0|0|0|0|0|0|0|0|0|0|0|0|0|8
876|0|"SAUDATI Luca"|"Atalanta"|1|3|0|0|0|0|0|0|0|0|0|0|0|0|0|0|0|0|0|0|0|0|0|15
877|0|"SCULLI Giuseppe"|"Brescia"|1|3|0|0|0|0|0|0|0|0|0|0|0|0|0|0|0|0|0|0|0|0|0|17
878|0|"SERAFINI Matteo"|"Siena"|1|3|0|0|0|0|0|0|0|0|0|0|0|0|0|0|0|0|0|0|0|0|0|5
879|0|"SHEVCHENKO Andrij"|"Milan"|1|3|0|0|0|0|0|0|0|0|0|0|0|0|0|0|0|0|0|0|0|0|0|55
880|0|"SONCIN Andrea"|"Fiorentina"|0|3|0|0|0|0|0|0|0|0|0|0|0|0|0|0|0|0|0|0|0|0|0|2
881|0|"SUAZO David Velazquez"|"Cagliari"|1|3|0|0|0|0|0|0|0|0|0|0|0|0|0|0|0|0|0|0|0|0|0|23
882|0|"TARE Igli"|"Bologna"|1|3|0|0|0|0|0|0|0|0|0|0|0|0|0|0|0|0|0|0|0|0|0|14
883|0|"TIRIBOCCHI Simone"|"Chievo"|1|3|0|0|0|0|0|0|0|0|0|0|0|0|0|0|0|0|0|0|0|0|0|17
884|0|"TOMASSON Jon Dahl"|"Milan"|1|3|0|0|0|0|0|0|0|0|0|0|0|0|0|0|0|0|0|0|0|0|0|19
885|0|"TONI Luca"|"Palermo"|1|3|0|0|0|0|0|0|0|0|0|0|0|0|0|0|0|0|0|0|0|0|0|30
886|0|"TOTTI Francesco"|"Roma"|1|3|0|0|0|0|0|0|0|0|0|0|0|0|0|0|0|0|0|0|0|0|0|45
887|0|"TREZEGUET David"|"Juventus"|1|3|0|0|0|0|0|0|0|0|0|0|0|0|0|0|0|0|0|0|0|0|0|45
888|0|"VENTOLA Nicola"|"Inter"|0|3|0|0|0|0|0|0|0|0|0|0|0|0|0|0|0|0|0|0|0|0|0|2
889|0|"VIERI Christian"|"Inter"|1|3|0|0|0|0|0|0|0|0|0|0|0|0|0|0|0|0|0|0|0|0|0|40
890|0|"VRYZAS Zisis"|"Fiorentina"|0|3|0|0|0|0|0|0|0|0|0|0|0|0|0|0|0|0|0|0|0|0|0|10
891|0|"VUCINIC Mirko"|"Lecce"|1|3|0|0|0|0|0|0|0|0|0|0|0|0|0|0|0|0|0|0|0|0|0|19
892|0|"VUGRINEC Davor"|"Atalanta"|0|3|0|0|0|0|0|0|0|0|0|0|0|0|0|0|0|0|0|0|0|0|0|4
893|0|"YANAGISAWA Atsushi"|"Messina"|1|3|0|0|0|0|0|0|0|0|0|0|0|0|0|0|0|0|0|0|0|0|0|9
894|0|"ZALAYETA Marcelo"|"Juventus"|1|3|0|0|0|0|0|0|0|0|0|0|0|0|0|0|0|0|0|0|0|0|0|6
895|0|"ZAMBRELLA Federico"|"Brescia"|1|3|0|0|0|0|0|0|0|0|0|0|0|0|0|0|0|0|0|0|0|0|0|5
896|0|"ZAMPAGNA Riccardo"|"Messina"|1|3|0|0|0|0|0|0|0|0|0|0|0|0|0|0|0|0|0|0|0|0|0|19
897|0|"ZANIOLO Igor"|"Messina"|0|3|0|0|0|0|0|0|0|0|0|0|0|0|0|0|0|0|0|0|0|0|0|8
898|0|"ZICU Ianis"|"Parma"|1|3|0|0|0|0|0|0|0|0|0|0|0|0|0|0|0|0|0|0|0|0|0|5
899|0|"ZOLA Gianfranco"|"Cagliari"|1|3|0|0|0|0|0|0|0|0|0|0|0|0|0|0|0|0|0|0|0|0|0|35
900|0|"DI CANIO Paolo"|"Lazio"|1|3|0|0|0|0|0|0|0|0|0|0|0|0|0|0|0|0|0|0|0|0|0|18
901|0|"CHOUTOS Lampros"|"Inter"|1|3|0|0|0|0|0|0|0|0|0|0|0|0|0|0|0|0|0|0|0|0|0|1
902|0|"JADID Abderrazzak"|"Brescia"|1|3|0|0|0|0|0|0|0|0|0|0|0|0|0|0|0|0|0|0|0|0|0|2
903|0|"BJELANOVIC Sasa"|"Lecce"|1|3|0|0|0|0|0|0|0|0|0|0|0|0|0|0|0|0|0|0|0|0|0|10
904|0|"SORRENTINO Tonino"|"Parma"|1|3|0|0|0|0|0|0|0|0|0|0|0|0|0|0|0|0|0|0|0|0|0|4
905|0|"NOMVETHE Siyabonga"|"Udinese"|0|3|0|0|0|0|0|0|0|0|0|0|0|0|0|0|0|0|0|0|0|0|0|5
906|0|"GOITOM Henok"|"Udinese"|1|3|0|0|0|0|0|0|0|0|0|0|0|0|0|0|0|0|0|0|0|0|0|2
907|0|"CARPARELLI Marco"|"Siena"|1|3|0|0|0|0|0|0|0|0|0|0|0|0|0|0|0|0|0|0|0|0|0|6
908|0|"DI PASQUALE Danilo"|"Brescia"|1|3|0|0|0|0|0|0|0|0|0|0|0|0|0|0|0|0|0|0|0|0|0|4
909|0|"LAZZARI Andrea"|"Atalanta"|1|3|0|0|0|0|0|0|0|0|0|0|0|0|0|0|0|0|0|0|0|0|0|6
910|0|"MACCARONE Massimo"|"Parma"|1|3|0|0|0|0|0|0|0|0|0|0|0|0|0|0|0|0|0|0|0|0|0|20
911|0|"SINIGAGLIA Davide"|"Reggina"|0|3|0|0|0|0|0|0|0|0|0|0|0|0|0|0|0|0|0|0|0|0|0|1
912|0|"DI NATALE Antonio"|"Udinese"|1|3|0|0|0|0|0|0|0|0|0|0|0|0|0|0|0|0|0|0|0|0|0|18
913|0|"IBRAHIMOVIC Zlatan"|"Juventus"|1|3|0|0|0|0|0|0|0|0|0|0|0|0|0|0|0|0|0|0|0|0|0|40
914|0|"MIDO Hossam"|"Roma"|1|3|0|0|0|0|0|0|0|0|0|0|0|0|0|0|0|0|0|0|0|0|0|30
915|0|"ROCCHI Tommaso"|"Lazio"|1|3|0|0|0|0|0|0|0|0|0|0|0|0|0|0|0|0|0|0|0|0|0|20
916|0|"AMORUSO Nicola"|"Messina"|1|3|0|0|0|0|0|0|0|0|0|0|0|0|0|0|0|0|0|0|0|0|0|18
