101|2|"ABBIATI Christian"|"Milan"|1|0|1|6|0|1|6|0|0|0|0|0|0|0|0|0|0|0|0|1|1|0|1|7
102|2|"AGLIARDI Federico"|"Brescia"|1|0|0|0|0|0|0|0|0|0|0|0|0|0|0|0|0|0|0|0|0|0|1|10
103|2|"AMELIA Marco"|"Livorno"|1|0|1|3|0|1|5|0|2|0|0|0|0|0|0|0|0|0|0|1|1|0|0|8
104|2|"ANANIA Luca"|"Lecce"|1|0|0|0|0|0|0|0|0|0|0|0|0|0|0|0|0|0|0|0|0|0|0|11
105|2|"ANTONIOLI Francesco"|"Sampdoria"|1|0|0|0|0|0|0|0|0|0|0|0|0|0|0|0|0|0|0|0|0|0|1|17
106|2|"BELARDI Emanuele"|"Reggina"|0|0|0|0|0|0|0|0|0|0|0|0|0|0|0|0|0|0|0|0|0|0|1|3
107|2|"BERTI Gianluca"|"Parma"|1|0|0|0|0|0|0|0|0|0|0|0|0|0|0|0|0|0|0|0|0|0|1|3
108|2|"BIANCHI Emanuele"|"Sampdoria"|1|0|0|0|0|0|0|0|0|0|0|0|0|0|0|0|0|0|0|0|0|0|1|1
109|2|"BONAIUTI Adriano"|"Udinese"|1|0|0|0|0|0|0|0|0|0|0|0|0|0|0|0|0|0|0|0|0|0|0|1
110|2|"BONNEFOI Landry"|"Juventus"|1|0|0|0|0|0|0|0|0|0|0|0|0|0|0|0|0|0|0|0|0|0|0|1
111|2|"BUFFON Gianluigi"|"Juventus"|1|0|1|6|0|1|6|0|0|0|0|0|0|0|0|0|0|0|0|1|1|0|0|24
112|2|"CALDERONI Alex"|"Atalanta"|1|0|0|0|0|0|0|0|0|0|0|0|0|0|0|0|0|0|0|0|0|0|1|1
113|2|"CAPELLO Davide Ugo"|"Cagliari"|1|0|0|0|0|0|0|0|0|0|0|0|0|0|0|0|0|0|0|0|0|0|1|1
114|2|"CASAZZA Fabrizio"|"Lazio"|1|0|0|0|0|0|0|0|0|0|0|0|0|0|0|0|0|0|0|0|0|0|0|1
115|2|"CASTELLAZZI Luca"|"Brescia"|1|0|1|2.5|0|1|6.5|0|4|0|0|0|0|0|0|0|0|0|0|1|1|0|1|1
116|2|"CEJAS Christian S."|"Fiorentina"|1|0|0|0|0|0|0|0|0|0|0|0|0|0|0|0|0|0|0|0|0|0|0|11
117|2|"CHIMENTI Antonio"|"Juventus"|1|0|0|0|0|0|0|0|0|0|0|0|0|0|0|0|0|0|0|0|0|0|0|1
118|2|"COPPOLA Ferdinando"|"Reggina"|1|0|0|0|0|0|0|0|0|0|0|0|0|0|0|0|0|0|0|0|0|0|1|1
119|2|"CORDAZ Alex"|"Inter"|1|0|0|0|0|0|0|0|0|0|0|0|0|0|0|0|0|0|0|0|0|0|0|1
120|2|"DE SANCTIS Morgan"|"Udinese"|1|0|1|6.5|0|1|6.5|0|0|0|0|0|0|0|0|0|0|0|0|1|1|0|0|19
121|2|"DIDA Nelson de Jesus Silva"|"Milan"|1|0|0|0|0|0|0|0|0|0|0|0|0|0|0|0|0|0|0|0|0|0|1|23
122|2|"ELEFTHEROPOULOS Dimitris"|"Messina"|1|0|0|0|0|0|0|0|0|0|0|0|0|0|0|0|0|0|0|0|0|0|0|9
123|2|"FIORI Valerio"|"Milan"|1|0|0|0|0|0|0|0|0|0|0|0|0|0|0|0|0|0|0|0|0|0|1|1
124|2|"FONTANA Alberto"|"Inter"|1|0|0|0|0|0|0|0|0|0|0|0|0|0|0|0|0|0|0|0|0|0|0|1
125|2|"FORTIN Marco"|"Siena"|1|0|0|0|0|0|0|0|0|0|0|0|0|0|0|0|0|0|0|0|0|0|0|10
126|2|"FREY Sebastien"|"Parma"|1|0|1|1.5|0|1|5.5|0|4|0|0|0|0|0|0|1|0|0|0|1|1|0|1|17
127|2|"GRECO Alessandro"|"Messina"|1|0|0|0|0|0|0|0|0|0|0|0|0|0|0|0|0|0|0|0|0|0|0|1
128|2|"IEZZO  Gennaro"|"Cagliari"|1|0|0|0|0|0|0|0|0|0|0|0|0|0|0|0|0|0|0|0|0|0|1|1
129|2|"KATERGIANNAKIS Theofanis"|"Cagliari"|1|0|1|5|0|1|7|0|2|0|0|0|0|0|0|0|0|0|0|1|1|0|1|15
130|2|"LIPPI Guido"|"Chievo"|1|0|0|0|0|0|0|0|0|0|0|0|0|0|0|0|0|0|0|0|0|0|1|1
131|2|"LUPATELLI Cristiano"|"Fiorentina"|1|0|1|5.5|0|1|6.5|0|1|0|0|0|0|0|0|0|0|0|0|1|1|0|0|5
132|2|"MANNINGER Alexander"|"Siena"|1|0|1|5|0|1|6|0|1|0|0|0|0|0|0|0|0|0|0|1|1|0|0|3
133|2|"MARCHEGIANI Luca"|"Chievo"|1|0|1|5|0|1|6|0|1|0|0|0|0|0|0|0|0|0|0|1|1|0|1|15
134|2|"MARCON Sergio"|"Chievo"|1|0|0|0|0|0|0|0|0|0|0|0|0|0|0|0|0|0|0|0|0|0|1|1
135|2|"MAREGGINI Gian Matteo"|"Livorno"|1|0|0|0|0|0|0|0|0|0|0|0|0|0|0|0|0|0|0|0|0|0|0|1
136|2|"PAGLIUCA Gianluca"|"Bologna"|1|0|1|5|0|1|7|0|2|0|0|0|0|0|0|1|0|0|0|1|1|0|0|16
137|2|"PANSERA Andrea"|"Bologna"|1|0|0|0|0|0|0|0|0|0|0|0|0|0|0|0|0|0|0|0|0|0|0|1
138|2|"PAVARINI Nicola"|"Reggina"|1|0|1|5|0|1|6|0|1|0|0|0|0|0|0|1|0|0|0|1|1|0|1|11
139|2|"PELIZZOLI Ivan"|"Roma"|1|0|1|2|0|1|6|0|4|0|0|0|0|0|0|1|0|0|0|1|1|0|1|21
140|2|"PERUZZI Angelo"|"Lazio"|1|0|1|5|0|1|6|0|1|0|0|0|0|0|0|0|0|0|0|1|1|0|0|19
141|2|"ROCCATI Marco"|"Fiorentina"|1|0|0|0|0|0|0|0|0|0|0|0|0|0|0|0|0|0|0|0|0|0|0|1
142|2|"ROSATI Antonio"|"Lecce"|1|0|0|0|0|0|0|0|0|0|0|0|0|0|0|0|0|0|0|0|0|0|0|1
143|2|"SANTONI Nicola"|"Palermo"|1|0|0|0|0|0|0|0|0|0|0|0|0|0|0|0|0|0|0|0|0|0|1|10
144|2|"SERENI Matteo"|"Lazio"|1|0|1|5.5|0|1|5.5|0|0|0|0|0|0|0|0|0|0|0|0|1|0|0|0|5
145|2|"SICIGNANO Vincenzo"|"Lecce"|1|0|1|5.5|0|1|6.5|0|1|0|0|0|0|0|0|0|0|0|0|1|1|0|0|9
146|2|"STORARI Marco"|"Messina"|1|0|1|3|0|1|6|0|3|0|0|0|0|0|0|0|0|0|0|1|1|0|0|1
147|2|"TAIBI Massimo"|"Atalanta"|1|0|1|3.5|0|1|5.5|0|2|0|0|0|0|0|0|0|0|0|0|1|1|0|1|10
148|2|"TOLDO Francesco"|"Inter"|1|0|1|5|0|1|6|0|1|0|0|0|0|0|0|0|0|0|0|1|1|0|0|21
149|2|"TURCI Luigi"|"Sampdoria"|1|0|1|4|0|1|6|0|2|0|0|0|0|0|0|0|0|0|0|1|1|0|1|1
150|2|"VANIN Giordano"|"Parma"|1|0|0|0|0|0|0|0|0|0|0|0|0|0|0|0|0|0|0|0|0|0|1|1
151|2|"ZANCOPE' Adriano"|"Siena"|1|0|0|0|0|0|0|0|0|0|0|0|0|0|0|0|0|0|0|0|0|0|0|1
152|2|"ZOTTI Carlo"|"Roma"|1|0|0|0|0|0|0|0|0|0|0|0|0|0|0|0|0|0|0|0|0|0|1|1
153|2|"LEJSAL Martin"|"Reggina"|0|0|0|0|0|0|0|0|0|0|0|0|0|0|0|0|0|0|0|0|0|0|1|1
154|2|"SOVIERO Salvatore"|"Reggina"|1|0|0|0|0|0|0|0|0|0|0|0|0|0|0|0|0|0|0|0|0|0|1|7
155|2|"GUARDALBEN Matteo"|"Palermo"|1|0|1|6|0|1|7|0|1|0|0|0|0|0|0|0|0|0|0|1|1|0|1|13
156|2|"HANDANOVIC Samir"|"Udinese"|1|0|0|0|0|0|0|0|0|0|0|0|0|0|0|0|0|0|0|0|0|0|0|1
157|2|"CARINI Fabian"|"Inter"|1|0|0|0|0|0|0|0|0|0|0|0|0|0|0|0|0|0|0|0|0|0|0|1
158|2|"COMI Paolo"|"Palermo"|1|0|0|0|0|0|0|0|0|0|0|0|0|0|0|0|0|0|0|0|0|0|1|1
159|2|"CURCI Gianluca"|"Roma"|1|0|0|0|0|0|0|0|0|0|0|0|0|0|0|0|0|0|0|0|0|0|1|1
201|2|"ABRUZZESE Giuseppe"|"Lecce"|1|1|0|0|0|0|0|0|0|0|0|0|0|0|0|0|0|0|0|0|0|0|0|3
202|2|"ACCARDI Piero"|"Palermo"|1|1|0|0|0|0|0|0|0|0|0|0|0|0|0|0|0|0|0|0|0|0|1|1
203|2|"ACCURSI Salvatore"|"Messina"|0|1|0|0|0|0|0|0|0|0|0|0|0|0|0|0|0|0|0|0|0|0|0|1
204|2|"ADANI Daniele"|"Brescia"|1|1|1|4.5|0|1|4.5|0|0|0|0|0|0|0|0|0|0|0|0|1|1|0|1|8
205|2|"AGOSTINI Alessandro"|"Cagliari"|1|1|1|6|0|1|6|0|0|0|0|0|0|0|0|0|0|0|0|1|1|0|1|5
206|2|"ALVAREZ Edgar Anthony"|"Cagliari"|1|1|0|0|0|0|0|0|0|0|0|0|0|0|0|0|0|0|0|0|0|0|1|2
207|2|"AQUILANTI Antonio"|"Fiorentina"|1|1|0|0|0|0|0|0|0|0|0|0|0|0|0|0|0|0|0|0|0|0|0|1
208|2|"ARONICA Salvatore"|"Messina"|1|1|0|0|0|0|0|0|0|0|0|0|0|0|0|0|0|0|0|0|0|0|0|1
210|2|"BAGGIO Dino"|"Lazio"|1|1|0|0|0|0|0|0|0|0|0|0|0|0|0|0|0|0|0|0|0|0|0|2
211|2|"BALESTRI Jacopo"|"Reggina"|1|1|1|5.5|0|1|5.5|0|0|0|0|0|0|0|0|0|0|0|0|1|1|0|1|2
212|2|"BALLERI David"|"Livorno"|1|1|0|0|0|0|0|0|0|0|0|0|0|0|0|0|0|0|0|0|0|0|0|3
213|2|"BARZAGLI Andrea"|"Palermo"|1|1|1|6|0|1|6|0|0|0|0|0|0|0|0|0|0|0|0|1|1|0|1|12
214|2|"BELLINI Giampaolo"|"Atalanta"|1|1|1|5.5|0|1|5.5|0|0|0|0|0|0|0|0|0|0|0|0|1|1|0|1|5
215|2|"BERTOTTO Valerio"|"Udinese"|1|1|1|6.5|0|1|6.5|0|0|0|0|0|0|0|0|0|0|0|0|1|1|0|0|6
216|2|"BIAVA Giuseppe"|"Palermo"|1|1|1|4|0|1|5|0|0|0|0|0|0|1|0|0|0|0|0|1|1|0|1|5
217|2|"BIRINDELLI Alessandro"|"Juventus"|1|1|0|0|0|0|0|0|0|0|0|0|0|0|0|0|0|0|0|0|0|0|0|4
218|2|"BONERA Daniele"|"Parma"|1|1|1|3|0|1|4|0|0|0|0|0|0|1|0|0|0|0|0|1|1|0|1|9
219|2|"BONOMI Simone"|"Siena"|0|1|0|0|0|0|0|0|0|0|0|0|0|0|0|0|0|0|0|0|0|0|0|2
220|2|"BOVO Cesare"|"Parma"|1|1|1|5|0|1|5|0|0|0|0|0|0|0|0|0|0|0|0|1|1|0|1|4
221|2|"BURDISSO Nicolas Andres"|"Inter"|1|1|0|0|0|0|0|0|0|0|0|0|0|0|0|0|0|0|0|0|0|0|0|4
222|2|"CAFU Marcos"|"Milan"|1|1|1|7|0|1|7|0|0|0|0|0|0|0|0|0|0|0|0|1|1|0|1|10
223|2|"CANDELA Vincent"|"Roma"|1|1|1|5|0|1|5|0|0|0|0|0|0|0|0|0|0|0|0|1|1|0|1|3
224|2|"CANNARSA Juri"|"Reggina"|1|1|1|5|0|1|5|0|0|0|0|0|0|0|0|0|0|0|0|1|1|0|1|2
225|2|"CANNAVARO Fabio"|"Juventus"|1|1|1|7|0|1|7|0|0|0|0|0|0|0|0|0|0|0|0|1|1|0|0|10
226|2|"CANNAVARO Paolo"|"Parma"|1|1|1|5.5|0|1|5.5|0|0|0|0|0|0|0|0|0|0|0|0|1|1|0|1|8
227|2|"CAPUANO Ciro"|"Bologna"|1|1|1|5|0|1|5|0|0|0|0|0|0|0|0|0|0|0|0|1|1|0|0|1
228|2|"CARDONE Giuseppe"|"Parma"|1|1|0|0|0|0|0|0|0|0|0|0|0|0|0|0|0|0|0|0|0|0|1|3
229|2|"CARROZZIERI Morris"|"Sampdoria"|1|1|1|4|0|1|5|0|0|0|0|0|0|1|0|0|0|0|0|1|1|0|1|5
230|2|"CASTELLINI Marcello"|"Sampdoria"|1|1|1|5.5|0|1|5.5|0|0|0|0|0|0|0|0|0|0|0|0|1|1|0|1|9
231|2|"CESAR Vinicio Cervo de Luca"|"Chievo"|1|1|1|5|0|1|5|0|0|0|0|0|0|0|0|0|0|0|0|1|1|0|1|1
232|2|"CHIELLINI Giorgio"|"Fiorentina"|1|1|1|6.5|0|1|6.5|0|0|0|0|0|0|0|0|0|0|0|0|1|1|0|0|5
233|2|"CHIVU Cristian"|"Roma"|1|1|0|0|0|0|0|0|0|0|0|0|0|0|0|0|0|0|0|0|0|0|1|16
234|2|"CIRILLO Bruno"|"Siena"|1|1|0|0|0|0|0|0|0|0|0|0|0|0|0|0|0|0|0|0|0|0|0|2
235|2|"COCO Francesco"|"Inter"|1|1|0|0|0|0|0|0|0|0|0|0|0|0|0|0|0|0|0|0|0|0|0|3
236|2|"COLONNESE Francesco"|"Siena"|1|1|0|0|0|0|0|0|0|0|0|0|0|0|0|0|0|0|0|0|0|0|0|5
237|2|"CONTE Mirko"|"Messina"|1|1|0|0|0|0|0|0|0|0|0|0|0|0|0|0|0|0|0|1|0|0|0|7
238|2|"CONTEH Kewullay"|"Palermo"|1|1|0|0|0|0|0|0|0|0|0|0|0|0|0|0|0|0|0|1|0|0|1|2
239|2|"CONTINI Matteo"|"Parma"|1|1|0|0|0|0|0|0|0|0|0|0|0|0|0|0|0|0|0|0|0|0|1|1
240|2|"CORDOBA Ivan Ramiro"|"Inter"|1|1|1|5.5|0|1|5.5|0|0|0|0|0|0|0|0|0|0|0|0|1|1|0|0|10
241|2|"COSTACURTA Alessandro"|"Milan"|1|1|0|0|0|0|0|0|0|0|0|0|0|0|0|0|0|0|0|0|0|0|1|4
242|2|"CUFRE' Leandro"|"Roma"|1|1|1|5|0|1|5.5|0|0|0|0|0|1|0|0|0|0|0|0|1|1|0|1|4
243|2|"DAINELLI Dario"|"Fiorentina"|1|1|1|9.5|0|1|6.5|1|0|1|0|0|0|0|0|0|0|0|0|1|1|0|0|10
244|2|"DAINO Daniele"|"Bologna"|1|1|0|0|0|0|0|0|0|0|0|0|0|0|0|0|0|0|0|0|0|0|0|5
245|2|"D'ANNA Lorenzo"|"Chievo"|1|1|1|4.5|0|1|5|0|0|0|0|0|1|0|0|0|0|0|0|1|1|0|1|7
246|2|"DE ROSA Gaetano"|"Reggina"|1|1|1|5.5|0|1|5.5|0|0|0|0|0|0|0|0|0|0|0|0|1|1|0|1|1
247|2|"DE VACA José"|"Udinese"|1|1|0|0|0|0|0|0|0|0|0|0|0|0|0|0|0|0|0|0|0|0|0|1
248|2|"DELLAS Traianos"|"Roma"|1|1|0|0|0|0|0|0|0|0|0|0|0|0|0|0|0|0|0|0|0|0|1|5
249|2|"DELLI CARRI Daniele"|"Fiorentina"|1|1|0|0|0|0|0|0|0|0|0|0|0|0|0|0|0|0|0|1|0|0|0|2
250|2|"DI BIAGIO Luigi"|"Brescia"|1|1|1|5.5|0|1|5.5|0|0|0|0|0|0|0|0|0|0|0|0|1|1|0|1|12
251|2|"DIAMOUTENE Seuleyman"|"Lecce"|1|1|1|5|0|1|5|0|0|0|0|0|0|0|0|0|0|0|0|1|1|0|0|3
252|2|"DOMIZZI Maurizio"|"Brescia"|1|1|1|5|0|1|5|0|0|0|0|0|0|0|0|0|0|0|0|1|1|0|1|8
253|2|"ESTEVES Ricardo"|"Reggina"|1|1|0|0|0|0|0|0|0|0|0|0|0|0|0|0|0|0|0|0|0|0|1|1
254|2|"FALCONE Giulio"|"Sampdoria"|1|1|1|6|0|1|6|0|0|0|0|0|0|0|0|0|0|0|0|1|1|0|1|7
255|2|"FALSINI Gianluca"|"Siena"|1|1|1|6|0|1|6|0|0|0|0|0|0|0|0|0|0|0|0|1|1|0|0|5
256|2|"FANUCCI Stefano"|"Livorno"|0|1|0|0|0|0|0|0|0|0|0|0|0|0|0|0|0|0|0|0|0|0|0|1
257|2|"FAVALLI Giuseppe"|"Inter"|1|1|0|0|0|0|0|0|0|0|0|0|0|0|0|0|0|0|0|0|0|0|0|13
258|2|"FELIPE"|"Udinese"|1|1|1|6.5|0|1|6.5|0|0|0|0|0|0|0|0|0|0|0|0|1|0|0|0|3
259|2|"FERRARA Ciro"|"Juventus"|1|1|0|0|0|0|0|0|0|0|0|0|0|0|0|0|0|0|0|0|0|0|0|8
260|2|"FERRARI Matteo"|"Roma"|1|1|1|5|0|1|5|0|0|0|0|0|0|0|0|0|0|0|0|1|1|0|1|11
261|2|"FERRI Michele"|"Palermo"|1|1|0|0|0|0|0|0|0|0|0|0|0|0|0|0|0|0|0|0|0|0|1|1
262|2|"FERRONETTI Damiano"|"Parma"|1|1|1|5.5|0|1|5.5|0|0|0|0|0|0|0|0|0|0|0|0|1|0|0|1|3
263|2|"FOGLIO Paolo"|"Siena"|1|1|0|0|0|0|0|0|0|0|0|0|0|0|0|0|0|0|0|0|0|0|0|1
264|2|"FRANCESCHINI Ivan"|"Reggina"|1|1|0|0|0|0|0|0|0|0|0|0|0|0|0|0|0|0|0|0|0|0|1|7
265|2|"FUSCO Luca"|"Messina"|1|1|1|5|0|1|5|0|0|0|0|0|0|0|0|0|0|0|0|1|1|0|0|5
266|2|"GAMARRA Carlos Alberto"|"Inter"|1|1|0|0|0|0|0|0|0|0|0|0|0|0|0|0|0|0|0|0|0|0|0|2
267|2|"GAMBERINI Alessandro"|"Bologna"|1|1|0|0|0|0|0|0|0|0|0|0|0|0|0|0|0|0|0|0|0|0|0|1
268|2|"GASTALDELLO Daniele"|"Chievo"|0|1|0|0|0|0|0|0|0|0|0|0|0|0|0|0|0|0|0|0|0|0|1|3
269|2|"GONNELLA Natale"|"Atalanta"|1|1|1|5.5|0|1|5.5|0|0|0|0|0|0|0|0|0|0|0|0|1|1|0|1|5
270|2|"GRANDONI Alessandro"|"Livorno"|1|1|1|5.5|0|1|5.5|0|0|0|0|0|0|0|0|0|0|0|0|1|1|0|0|5
271|2|"GROSSO Fabio"|"Palermo"|1|1|1|6.5|0|1|6.5|0|0|0|0|0|0|0|0|0|0|0|0|1|1|0|1|12
272|2|"INNOCENTI Duccio"|"Atalanta"|1|1|0|0|0|0|0|0|0|0|0|0|0|0|0|0|0|0|0|0|0|0|1|4
273|2|"IULIANO Mark"|"Juventus"|1|1|0|0|0|0|0|0|0|0|0|0|0|0|0|0|0|0|0|0|0|0|0|6
274|2|"JUAREZ De Souza"|"Bologna"|1|1|0|0|0|0|0|0|0|0|0|0|0|0|0|0|0|0|0|0|0|0|0|3
275|2|"KALADZE Kakha"|"Milan"|1|1|1|5.5|0|1|6|0|0|0|0|0|1|0|0|0|0|0|0|1|1|0|1|4
276|2|"KROLDRUP Per"|"Udinese"|1|1|1|6|0|1|6|0|0|0|0|0|0|0|0|0|0|0|0|1|1|0|0|10
277|2|"LANNA Salvatore"|"Chievo"|1|1|1|6|0|1|6|0|0|0|0|0|0|0|0|0|0|0|0|1|1|0|1|7
278|2|"LANZARO Maurizio"|"Roma"|0|1|0|0|0|0|0|0|0|0|0|0|0|0|0|0|0|0|0|0|0|0|1|2
279|2|"LEGROTTAGLIE Nicola"|"Juventus"|1|1|0|0|0|0|0|0|0|0|0|0|0|0|0|0|0|0|0|0|0|0|0|10
280|2|"LOPEZ Diego"|"Cagliari"|1|1|1|5.5|0|1|6|0|0|0|0|0|1|0|0|0|0|0|0|1|1|0|1|6
281|2|"LORENZI Stefano"|"Atalanta"|0|1|0|0|0|0|0|0|0|0|0|0|0|0|0|0|0|0|0|0|0|0|1|4
282|2|"LORIA Simone"|"Cagliari"|1|1|0|0|0|0|0|0|0|0|0|0|0|0|0|0|0|0|0|0|0|0|1|5
283|2|"LUCARELLI Alessandro"|"Livorno"|1|1|1|5.5|0|1|5.5|0|0|0|0|0|0|0|0|0|0|0|0|1|1|0|0|3
284|2|"MALAGO' Marco"|"Chievo"|1|1|1|6|0|1|6|0|0|0|0|0|0|0|0|0|0|0|0|1|0|0|1|1
285|2|"MALDINI Paolo"|"Milan"|1|1|1|6|0|1|6|0|0|0|0|0|0|0|0|0|0|0|0|1|1|0|1|19
286|2|"MALTAGLIATI Roberto"|"Cagliari"|1|1|1|5|0|1|5|0|0|0|0|0|0|0|0|0|0|0|0|1|1|0|1|5
287|2|"MANDELLI Davide"|"Chievo"|1|1|1|5|0|1|5.5|0|0|0|0|0|1|0|0|0|0|0|0|1|1|0|1|7
288|2|"MANFREDINI Thomas"|"Udinese"|0|1|0|0|0|0|0|0|0|0|0|0|0|0|0|0|0|0|0|0|0|0|0|3
289|2|"MARECO Victor Hugo"|"Brescia"|1|1|0|0|0|0|0|0|0|0|0|0|0|0|0|0|0|0|0|0|0|0|1|5
290|2|"MARTINEZ George"|"Reggina"|0|1|0|0|0|0|0|0|0|0|0|0|0|0|0|0|0|0|0|0|0|0|1|1
291|2|"MARTINEZ VIDAL Gilberto"|"Brescia"|1|1|0|0|0|0|0|0|0|0|0|0|0|0|0|0|0|0|0|0|0|0|1|7
292|2|"MATERAZZI Marco"|"Inter"|1|1|1|6|0|1|6|0|0|0|0|0|0|0|0|0|0|0|0|1|1|0|0|17
293|2|"MELARA Matteo"|"Livorno"|1|1|0|0|0|0|0|0|0|0|0|0|0|0|0|0|0|0|0|0|0|0|0|7
294|2|"MENSAH John"|"Chievo"|1|1|0|0|0|0|0|0|0|0|0|0|0|0|0|0|0|0|0|0|0|0|1|1
295|2|"MEXES Philippe"|"Roma"|1|1|1|5|0|1|5|0|0|0|0|0|0|0|0|0|0|0|0|1|1|0|1|17
296|2|"MICOLUCCI Vittorio"|"Udinese"|0|1|0|0|0|0|0|0|0|0|0|0|0|0|0|0|0|0|0|0|0|0|0|1
297|2|"MIGNANI Michele"|"Siena"|1|1|1|6|0|1|6|0|0|0|0|0|0|0|0|0|0|0|0|1|1|0|0|5
298|2|"MIHAJLOVIC Sinisa"|"Inter"|1|1|0|0|0|0|0|0|0|0|0|0|0|0|0|0|0|0|0|0|0|0|0|13
299|2|"MINELLI Mauro"|"Atalanta"|1|1|0|0|0|0|0|0|0|0|0|0|0|0|0|0|0|0|0|0|0|0|1|3
300|2|"MONTERO Paolo"|"Juventus"|1|1|0|0|0|0|0|0|0|0|0|0|0|0|0|0|0|0|0|0|0|0|0|10
301|2|"MORO Fabio"|"Chievo"|1|1|0|0|0|0|0|0|0|0|0|0|0|0|0|0|0|0|0|0|0|0|1|3
302|2|"NASTASE Valentin V."|"Bologna"|1|1|1|5|0|1|5|0|0|0|0|0|0|0|0|0|0|0|0|1|1|0|0|3
303|2|"NATALI Cesare"|"Atalanta"|1|1|1|5.5|0|1|5.5|0|0|0|0|0|0|0|0|0|0|0|0|1|1|0|1|12
304|2|"NEGRO Paolo"|"Lazio"|1|1|1|5.5|0|1|5.5|0|0|0|0|0|0|0|0|0|0|0|0|1|0|0|0|3
305|2|"NESTA Alessandro"|"Milan"|1|1|1|6|0|1|6|0|0|0|0|0|0|0|0|0|0|0|0|1|1|0|1|21
306|2|"ODDO Massimo"|"Lazio"|1|1|1|5.5|0|1|5.5|0|0|0|0|0|0|0|0|0|0|0|0|1|1|0|0|12
307|2|"OYOLA Gabriel Gaston"|"Parma"|0|1|0|0|0|0|0|0|0|0|0|0|0|0|0|0|0|0|0|0|0|0|1|1
308|2|"PACI Massimo"|"Lecce"|1|1|0|0|0|0|0|0|0|0|0|0|0|0|0|0|0|0|0|1|0|0|0|5
309|2|"PANCARO Giuseppe"|"Milan"|1|1|1|6|0|1|6|0|0|0|0|0|0|0|0|0|0|0|0|1|0|0|1|7
310|2|"PANUCCI Christian"|"Roma"|1|1|1|5.5|0|1|5.5|0|0|0|0|0|0|0|0|0|0|0|0|1|1|0|1|14
311|2|"PARISI Alessandro"|"Messina"|1|1|1|10|0|1|7|1|0|0|0|0|0|0|1|0|0|0|0|1|1|0|0|16
312|2|"PASQUALE Giovanni"|"Inter"|1|1|1|5|0|1|5|0|0|0|0|0|0|0|0|0|0|0|0|1|1|0|0|1
313|2|"PAVAN Simone"|"Sampdoria"|1|1|0|0|0|0|0|0|0|0|0|0|0|0|0|0|0|0|0|0|0|0|1|1
314|2|"PERNA Armando"|"Livorno"|0|1|0|0|0|0|0|0|0|0|0|0|0|0|0|0|0|0|0|0|0|0|0|1
315|2|"PESARESI Emanuele"|"Chievo"|1|1|0|0|0|0|0|0|0|0|0|0|0|0|0|0|0|0|0|0|0|0|1|1
316|2|"PESSOTTO Gianluca"|"Juventus"|1|1|0|0|0|0|0|0|0|0|0|0|0|0|0|0|0|0|0|0|0|0|0|7
317|2|"PETRUZZI Fabio"|"Bologna"|1|1|1|6.5|0|1|6.5|0|0|0|0|0|0|0|0|0|0|0|0|1|1|0|0|7
318|2|"PFERTZEL Marc"|"Livorno"|1|1|1|6|0|1|6|0|0|0|0|0|0|0|0|0|0|0|0|1|1|0|0|6
319|2|"PICCOLO Felice"|"Reggina"|1|1|0|0|0|0|0|0|0|0|0|0|0|0|0|0|0|0|0|0|0|0|1|3
320|2|"PIERINI Alessandro"|"Udinese"|0|1|0|0|0|0|0|0|0|0|0|0|0|0|0|0|0|0|0|0|0|0|0|1
321|2|"PISANO Marco"|"Sampdoria"|1|1|1|4.5|0|1|5|0|0|0|0|0|1|0|0|0|0|0|0|1|1|0|1|1
323|2|"POTENZA Alessandro"|"Parma"|1|1|1|5.5|0|1|5.5|0|0|0|0|0|0|0|0|0|0|0|0|1|1|0|1|5
324|2|"RAFAEL Pereira da Silva"|"Messina"|1|1|0|0|0|0|0|0|0|0|0|0|0|0|0|0|0|0|0|0|0|0|0|7
325|2|"REZAEI Rahman"|"Messina"|1|1|1|5|0|1|5|0|0|0|0|0|0|0|0|0|0|0|0|1|1|0|0|3
326|2|"RIVALTA Claudio"|"Atalanta"|1|1|1|6|0|1|6|0|0|0|0|0|0|0|0|0|0|0|0|1|1|0|1|1
327|2|"RULLO Erminio"|"Lecce"|1|1|1|7|0|1|6.5|0|0|0|0|1|1|0|0|0|0|0|0|1|1|0|0|2
328|2|"RUSTICO Fabio"|"Atalanta"|1|1|0|0|0|0|0|0|0|0|0|0|0|0|0|0|0|0|0|0|0|0|1|2
329|2|"SABATO Rocco"|"Cagliari"|1|1|0|0|0|0|0|0|0|0|0|0|0|0|0|0|0|0|0|0|0|0|1|1
330|2|"SACCHETTI Stefano"|"Sampdoria"|1|1|1|6|0|1|6|0|0|0|0|0|0|0|0|0|0|0|0|1|0|0|1|3
331|2|"SALA Luigi"|"Atalanta"|1|1|0|0|0|0|0|0|0|0|0|0|0|0|0|0|0|0|0|0|0|0|1|3
332|2|"SANTOS Gleison"|"Atalanta"|1|1|0|0|0|0|0|0|0|0|0|0|0|0|0|0|0|0|0|0|0|0|1|1
333|2|"SARTOR Luigi"|"Roma"|1|1|0|0|0|0|0|0|0|0|0|0|0|0|0|0|0|0|0|0|0|0|1|2
334|2|"SAVINI Mirko"|"Fiorentina"|1|1|1|5|0|1|5|0|0|0|0|0|0|0|0|0|0|0|0|1|1|0|0|5
335|2|"SENSINI Nestor"|"Udinese"|1|1|0|0|0|0|0|0|0|0|0|0|0|0|0|0|0|0|0|0|0|0|0|13
336|2|"SILVESTRI Cristian"|"Lecce"|1|1|0|0|0|0|0|0|0|0|0|0|0|0|0|0|0|0|0|0|0|0|0|3
337|2|"SIMIC Dario"|"Milan"|1|1|0|0|0|0|0|0|0|0|0|0|0|0|0|0|0|0|0|0|0|0|1|2
338|2|"SIVIGLIA Sebastiano"|"Lazio"|1|1|1|6|0|1|6|0|0|0|0|0|0|0|0|0|0|0|0|1|1|0|0|5
339|2|"SMIT Vlado"|"Bologna"|1|1|0|0|0|0|0|0|0|0|0|0|0|0|0|0|0|0|0|0|0|0|0|3
340|2|"SOTTIL Andrea"|"Udinese"|0|1|0|0|0|0|0|0|0|0|0|0|0|0|0|0|0|0|0|0|0|0|0|4
341|2|"STAM Jaap"|"Milan"|1|1|0|0|0|0|0|0|0|0|0|0|0|0|0|0|0|0|0|0|0|0|1|21
342|2|"STANKEVICIUS Marius"|"Brescia"|1|1|1|4.5|0|1|5|0|0|0|0|0|1|0|0|0|0|0|0|1|1|0|1|2
343|2|"STOVINI Lorenzo"|"Lecce"|1|1|1|6|0|1|6|0|0|0|0|0|0|0|0|0|0|0|0|1|1|0|0|9
344|2|"SUSSI Andrea"|"Bologna"|1|1|0|0|0|0|0|0|0|0|0|0|0|0|0|0|0|0|0|0|0|0|0|6
345|2|"TERLIZZI Christian"|"Palermo"|1|1|0|0|0|0|0|0|0|0|0|0|0|0|0|0|0|0|0|0|0|0|1|1
346|2|"TERZI Claudio"|"Bologna"|1|1|0|0|0|0|0|0|0|0|0|0|0|0|0|0|0|0|0|0|0|0|0|1
347|2|"THURAM Lilian"|"Juventus"|1|1|1|6.5|0|1|6.5|0|0|0|0|0|0|0|0|0|0|0|0|1|1|0|0|12
348|2|"TONETTO Max"|"Sampdoria"|1|1|1|6|0|1|6|0|0|0|0|0|0|0|0|0|0|0|0|1|1|0|1|9
349|2|"TUDOR Igor"|"Juventus"|1|1|0|0|0|0|0|0|0|0|0|0|0|0|0|0|0|0|0|0|0|0|0|6
350|2|"UJFALUSI Tomas"|"Fiorentina"|1|1|1|6|0|1|6.5|0|0|0|0|0|1|0|0|0|0|0|0|1|1|0|0|12
351|2|"VANIGLI Richard"|"Livorno"|0|1|0|0|0|0|0|0|0|0|0|0|0|0|0|0|0|0|0|0|0|0|0|3
352|2|"VARGAS Jeorge"|"Livorno"|1|1|1|5|0|1|5.5|0|0|0|0|0|1|0|0|0|0|0|0|1|1|0|0|6
353|2|"VIALI William"|"Fiorentina"|1|1|0|0|0|0|0|0|0|0|0|0|0|0|0|0|0|0|0|0|0|0|0|2
354|2|"ZACCARDO Cristian"|"Palermo"|1|1|1|6|0|1|6|0|0|0|0|0|0|0|0|0|0|0|0|1|1|0|1|5
355|2|"ZAMBELLI Marco"|"Brescia"|1|1|0|0|0|0|0|0|0|0|0|0|0|0|0|0|0|0|0|0|0|0|1|1
356|2|"ZAMBONI Marco"|"Reggina"|1|1|1|4.5|0|1|5|0|0|0|0|0|1|0|0|0|0|0|0|1|1|0|1|5
357|2|"ZAMBROTTA Gianluca"|"Juventus"|1|1|1|6.5|0|1|6.5|0|0|0|0|0|0|0|0|0|0|0|0|1|1|0|0|22
358|2|"ZANCHI Marco"|"Messina"|1|1|1|6|0|1|6|0|0|0|0|0|0|0|0|0|0|0|0|1|0|0|0|5
359|2|"ZANETTI Javier"|"Inter"|1|1|0|0|0|0|0|0|0|0|0|0|0|0|0|0|0|0|0|0|0|0|0|14
360|2|"ZAURI Luciano"|"Lazio"|1|1|1|6|0|1|6|0|0|0|0|0|0|0|0|0|0|0|0|1|1|0|0|12
361|2|"ZE MARIA"|"Inter"|1|1|1|7.5|0|1|6.5|0|0|0|0|1|0|0|0|0|0|0|0|1|1|0|0|15
362|2|"ZEBINA Jonathan"|"Juventus"|1|1|1|6.5|0|1|6.5|0|0|0|0|0|0|0|0|0|0|0|0|1|1|0|0|11
363|2|"ZENONI Cristian"|"Sampdoria"|1|1|1|5.5|0|1|5.5|0|0|0|0|0|0|0|0|0|0|0|0|1|1|0|1|8
364|2|"ZOBOLI Davide"|"Brescia"|1|1|0|0|0|0|0|0|0|0|0|0|0|0|0|0|0|0|0|0|0|0|1|4
365|2|"ZORO Marco A."|"Messina"|1|1|1|6|0|1|6.5|0|0|0|0|0|1|0|0|0|0|0|0|1|1|0|0|4
366|2|"PORTANOVA Daniele"|"Siena"|1|1|1|9.5|0|1|6.5|1|0|1|0|0|0|0|0|0|0|0|0|1|1|0|0|7
367|2|"SORONDO Gonzalo"|"Inter"|0|1|0|0|0|0|0|0|0|0|0|0|0|0|0|0|0|0|0|0|0|0|0|1
368|2|"EVANGELISTI Alessandro"|"Livorno"|1|1|1|4.5|0|1|5|0|0|0|0|0|1|0|0|0|0|0|0|1|1|0|0|1
369|2|"LOPEZ Oscar"|"Lazio"|1|1|0|0|0|0|0|0|0|0|0|0|0|0|0|0|0|0|0|0|0|0|0|8
370|2|"COUTO Fernando"|"Lazio"|1|1|1|6|0|1|6|0|0|0|0|0|0|0|0|0|0|0|0|1|1|0|0|8
371|2|"OSEI Emmanuel"|"Livorno"|1|1|0|0|0|0|0|0|0|0|0|0|0|0|0|0|0|0|0|0|0|0|0|1
372|2|"TORRISI Stefano"|"Bologna"|1|1|1|6|0|1|6|0|0|0|0|0|0|0|0|0|0|0|0|1|1|0|0|5
373|2|"BELLERI Manuel"|"Udinese"|1|1|0|0|0|0|0|0|0|0|0|0|0|0|0|0|0|0|0|0|0|0|0|4
374|2|"CRIBARI Sanchez Emilson"|"Udinese"|1|1|1|7.5|0|1|7|0|0|0|0|1|1|0|0|0|0|0|0|1|1|0|0|7
375|2|"SERIC Anthony"|"Lazio"|1|1|1|5|0|1|5|0|0|0|0|0|0|0|0|0|0|0|0|1|1|0|0|4
376|2|"MORABITO Giovanni"|"Reggina"|1|1|0|0|0|0|0|0|0|0|0|0|0|0|0|0|0|0|0|0|0|0|1|3
377|2|"NICOLA Davide"|"Siena"|1|1|1|7|0|1|7|0|0|0|0|0|0|0|0|0|0|0|0|1|1|0|0|6
378|2|"COLOCCINI Fabrizio"|"Milan"|1|1|0|0|0|0|0|0|0|0|0|0|0|0|0|0|0|0|0|0|0|0|1|6
379|2|"THIAGO Pimentel"|"Reggina"|0|1|0|0|0|0|0|0|0|0|0|0|0|0|0|0|0|0|0|0|0|0|1|4
380|2|"BEGA Francesco"|"Cagliari"|1|1|1|5|0|1|5|0|0|0|0|0|0|0|0|0|0|0|0|1|1|0|1|5
381|2|"LEQUI Matias Emanuel"|"Lazio"|1|1|0|0|0|0|0|0|0|0|0|0|0|0|0|0|0|0|0|0|0|0|0|5
382|2|"ESPOSITO Marco"|"Chievo"|1|1|0|0|0|0|0|0|0|0|0|0|0|0|0|0|0|0|0|0|0|0|1|2
383|2|"DALLAMANO Simone"|"Brescia"|1|1|0|0|0|0|0|0|0|0|0|0|0|0|0|0|0|0|0|1|0|0|1|2
384|2|"CAMARA Ibrahima Sory"|"Parma"|1|1|1|5.5|0|1|5.5|0|0|0|0|0|0|0|0|0|0|0|0|1|0|0|1|2
501|2|"ABEIJON Nelson"|"Cagliari"|1|2|1|5|0|1|5|0|0|0|0|0|0|0|0|0|0|0|0|1|1|0|1|10
502|2|"ALBERTINI Demetrio"|"Atalanta"|1|2|1|6.5|0|1|6.5|0|0|0|0|0|0|0|0|0|0|0|0|1|1|0|1|19
503|2|"ALBERTO Valentin Do Carmo"|"Udinese"|1|2|0|0|0|0|0|0|0|0|0|0|0|0|0|0|0|0|0|0|0|0|0|6
504|2|"ALBINO Marcello"|"Cagliari"|1|2|0|0|0|0|0|0|0|0|0|0|0|0|0|0|0|0|0|0|0|0|1|6
505|2|"ALMEYDA Matias"|"Brescia"|1|2|1|5|0|1|5|0|0|0|0|1|0|1|0|0|0|0|0|1|1|0|1|9
506|2|"AMBROSINI Massimo"|"Milan"|1|2|0|0|0|0|0|0|0|0|0|0|0|0|0|0|0|0|0|0|0|0|1|6
507|2|"AMETRANO Raffaele"|"Messina"|1|2|0|0|0|0|0|0|0|0|0|0|0|0|0|0|0|0|0|0|0|0|0|1
508|2|"AMOROSO Christian"|"Bologna"|1|2|1|6.5|0|1|6.5|0|0|0|0|0|0|0|0|0|0|0|0|1|1|0|0|1
509|2|"ANTONINI Luca"|"Sampdoria"|0|2|0|0|0|0|0|0|0|0|0|0|0|0|0|0|0|0|0|0|0|0|1|1
510|2|"APPIAH Stephen"|"Juventus"|1|2|0|0|0|0|0|0|0|0|0|0|0|0|0|0|0|0|0|1|0|0|0|4
511|2|"AQUILANI Alberto"|"Roma"|1|2|0|0|0|0|0|0|0|0|0|0|0|0|0|0|0|0|0|1|0|0|1|4
512|2|"ARDITO Andrea"|"Siena"|1|2|0|0|0|0|0|0|0|0|0|0|0|0|0|0|0|0|0|0|0|0|0|4
513|2|"ARGILLI Stefano"|"Siena"|1|2|0|0|0|0|0|0|0|0|0|0|0|0|0|0|0|0|0|0|0|0|0|1
514|2|"ARIATTI Luca"|"Fiorentina"|1|2|1|6|0|1|6|0|0|0|0|0|0|0|0|0|0|0|0|1|1|0|0|3
515|2|"BABU' A. De Oliveira"|"Lecce"|1|2|0|0|0|0|0|0|0|0|0|0|0|0|0|0|0|0|0|1|0|0|0|1
516|2|"BACHINI Jonathan"|"Brescia"|1|2|1|6|0|1|6|0|0|0|0|0|0|0|0|0|0|0|0|1|1|0|1|12
517|2|"BAIOCCO Davide"|"Juventus"|0|2|0|0|0|0|0|0|0|0|0|0|0|0|0|0|0|0|0|0|0|0|0|3
518|2|"BARONE Simone"|"Palermo"|1|2|1|6.5|0|1|6.5|0|0|0|0|0|0|0|0|0|0|0|0|1|1|0|1|14
519|2|"BARONIO Roberto"|"Chievo"|1|2|1|6.5|0|1|6.5|0|0|0|0|0|0|0|0|0|0|0|0|1|1|0|1|7
520|2|"BERNARDINI Antonino"|"Atalanta"|1|2|0|0|0|0|0|0|0|0|0|0|0|0|0|0|0|0|0|0|0|0|1|5
521|2|"BINOTTO Jonatan"|"Bologna"|1|2|0|0|0|0|0|0|0|0|0|0|0|0|0|0|0|0|0|0|0|0|0|1
522|2|"BLASI Manuele"|"Juventus"|1|2|0|0|0|0|0|0|0|0|0|0|0|0|0|0|0|0|0|0|0|0|0|12
523|2|"BOLANO Correa Jorge Eladio"|"Parma"|1|2|1|5|0|1|5|0|0|0|0|0|0|0|0|0|0|0|0|1|1|0|1|6
524|2|"BOUDIANSKI Viktor"|"Reggina"|1|2|0|0|0|0|0|0|0|0|0|0|0|0|0|0|0|0|0|0|0|0|1|1
525|2|"BRAMBILLA Massimo"|"Cagliari"|1|2|1|5|0|1|5|0|0|0|0|0|0|0|0|0|0|0|0|1|1|0|1|8
526|2|"BRESCIANO Mark"|"Parma"|1|2|1|6|0|1|6|0|0|0|0|0|0|0|0|0|0|0|0|1|1|0|1|13
527|2|"BRIGHI Matteo"|"Chievo"|1|2|1|6|0|1|6|0|0|0|0|0|0|0|0|0|0|0|0|1|1|0|1|9
528|2|"BROCCHI Cristian"|"Milan"|1|2|0|0|0|0|0|0|0|0|0|0|0|0|0|0|0|0|0|0|0|0|1|3
529|2|"BUDEL Alessandro"|"Parma"|1|2|0|0|0|0|0|0|0|0|0|0|0|0|0|0|0|0|0|0|0|0|1|5
530|2|"CAMBIASSO Esteban"|"Inter"|1|2|0|0|0|0|0|0|0|0|0|0|0|0|0|0|0|0|0|0|0|0|0|9
531|2|"CAMORANESI Mauro"|"Juventus"|1|2|1|6|0|1|6|0|0|0|0|0|0|0|0|0|0|0|0|1|0|0|0|12
532|2|"CAMORANI Alfonso"|"Siena"|1|2|1|7|0|1|6|0|0|0|0|1|0|0|0|0|0|0|0|1|1|0|0|4
533|2|"CAMPOLO Sergio"|"Messina"|0|2|0|0|0|0|0|0|0|0|0|0|0|0|0|0|0|0|0|0|0|0|0|1
534|2|"CARRUS Davide"|"Fiorentina"|0|2|0|0|0|0|0|0|0|0|0|0|0|0|0|0|0|0|0|0|0|0|0|1
535|2|"CASSETTI Marco"|"Lecce"|1|2|1|6|0|1|6|0|0|0|0|0|0|0|0|0|0|0|0|1|1|0|0|10
536|2|"CESAR Rodriguez Aparecido"|"Lazio"|1|2|0|0|0|0|0|0|0|0|0|0|0|0|0|0|0|0|0|0|0|0|0|18
537|2|"CIARAMITARO Maurizio"|"Livorno"|0|2|0|0|0|0|0|0|0|0|0|0|0|0|0|0|0|0|0|0|0|0|0|3
538|2|"COLUCCI Leonardo"|"Bologna"|1|2|1|5.5|0|1|5.5|0|0|0|0|0|0|0|0|0|0|0|0|1|0|0|0|2
539|2|"CONTI Daniele"|"Cagliari"|1|2|1|5|0|1|5|0|0|0|0|0|0|0|0|0|0|0|0|1|0|0|1|3
540|2|"COPPOLA Carmine"|"Messina"|1|2|1|6|0|1|6.5|0|0|0|0|0|1|0|0|0|0|0|0|1|1|0|0|3
541|2|"CORINI Eugenio"|"Palermo"|1|2|1|6|0|1|6|0|0|0|0|0|0|0|0|0|0|0|0|1|1|0|1|22
542|2|"DABO Ousmane"|"Lazio"|1|2|0|0|0|0|0|0|0|0|0|0|0|0|0|0|0|0|0|0|0|0|0|5
543|2|"DACOURT Olivier"|"Roma"|1|2|1|5.5|0|1|6|0|0|0|0|0|1|0|0|0|0|0|0|1|1|0|1|16
544|2|"D'AGOSTINO Gaetano"|"Roma"|1|2|0|0|0|0|0|0|0|0|0|0|0|0|0|0|0|0|0|0|0|0|1|6
545|2|"DALLA BONA Samuele"|"Lecce"|1|2|1|5.5|0|1|6|0|0|0|0|0|1|0|0|0|0|0|0|1|1|0|0|12
546|2|"D'AVERSA Roberto"|"Siena"|1|2|0|0|0|0|0|0|0|0|0|0|0|0|0|0|0|0|0|0|0|0|0|8
547|2|"DAVIDS Edgar"|"Inter"|1|2|1|5.5|0|1|6|0|0|0|0|0|1|0|0|0|0|0|0|1|1|0|0|15
548|2|"DE ROSSI Daniele"|"Roma"|1|2|0|0|0|0|0|0|0|0|0|0|0|0|0|0|0|0|0|0|0|0|1|16
549|2|"DE VEZZE Daniele"|"Fiorentina"|1|2|0|0|0|0|0|0|0|0|0|0|0|0|0|0|0|0|0|0|0|0|0|2
550|2|"DEL NERO Simone"|"Brescia"|1|2|1|5.5|0|1|5.5|0|0|0|0|0|0|0|0|0|0|0|0|1|1|0|1|15
551|2|"DELNEVO Loris"|"Cagliari"|1|2|0|0|0|0|0|0|0|0|0|0|0|0|0|0|0|0|0|0|0|0|1|3
552|2|"DHORASOO Vikash"|"Milan"|1|2|0|0|0|0|0|0|0|0|0|0|0|0|0|0|0|0|0|0|0|0|1|5
553|2|"DI DONATO Daniele"|"Siena"|1|2|1|5|0|1|5.5|0|0|0|0|0|1|0|0|0|0|0|0|1|1|0|0|3
554|2|"DI LIVIO Angelo"|"Fiorentina"|1|2|0|0|0|0|0|0|0|0|0|0|0|0|0|0|0|0|0|0|0|0|0|2
555|2|"DIANA Aimo"|"Sampdoria"|1|2|0|0|0|0|0|0|0|0|0|0|0|0|0|0|0|0|0|0|0|0|1|14
556|2|"DIARRA Drissa"|"Lecce"|1|2|0|0|0|0|0|0|0|0|0|0|0|0|0|0|0|0|0|0|0|0|0|5
557|2|"DOGA Alessandro"|"Livorno"|1|2|0|0|0|0|0|0|0|0|0|0|0|0|0|0|0|0|0|0|0|0|0|2
558|2|"DONADEL Marco"|"Sampdoria"|1|2|1|5|0|1|5|0|0|0|0|0|0|0|0|0|0|0|0|1|1|0|1|10
559|2|"DONATI Massimo"|"Messina"|1|2|1|4.5|0|1|5|0|0|0|0|0|1|0|0|0|0|0|0|1|1|0|0|8
560|2|"DONI Cristiano"|"Sampdoria"|1|2|0|0|0|0|0|0|0|0|0|0|0|0|0|0|0|0|0|0|0|0|1|13
561|2|"EDUSEI Mark"|"Sampdoria"|1|2|0|0|0|0|0|0|0|0|0|0|0|0|0|0|0|0|0|0|0|0|1|1
562|2|"EMERSON Ferreira"|"Juventus"|1|2|1|7|0|1|7|0|0|0|0|0|0|0|0|0|0|0|0|1|1|0|0|30
563|2|"EMRE Belozoglu"|"Inter"|1|2|0|0|0|0|0|0|0|0|0|0|0|0|0|0|0|0|0|1|0|0|0|4
564|2|"EREMENKO Alexei"|"Lecce"|1|2|1|6.5|0|1|6.5|0|0|0|0|0|0|0|0|0|0|0|0|1|0|0|0|4
566|2|"MENEGAZZO Fernando"|"Siena"|1|2|1|5.5|0|1|5.5|0|0|0|0|0|0|0|0|0|0|0|0|1|0|0|0|5
567|2|"FILIPPINI Antonio"|"Lazio"|1|2|1|5.5|0|1|5.5|0|0|0|0|0|0|0|0|0|0|0|0|1|1|0|0|4
568|2|"FILIPPINI Emanuele"|"Lazio"|1|2|0|0|0|0|0|0|0|0|0|0|0|0|0|0|0|0|0|0|0|0|0|4
569|2|"FIUMICELLI Ernesto Luca"|"Brescia"|1|2|0|0|0|0|0|0|0|0|0|0|0|0|0|0|0|0|0|0|0|0|1|1
570|2|"FONTANA Gaetano"|"Fiorentina"|1|2|0|0|0|0|0|0|0|0|0|0|0|0|0|0|0|0|0|0|0|0|0|4
571|2|"FRANCESCHINI Daniele"|"Chievo"|1|2|1|5.5|0|1|5.5|0|0|0|0|0|0|0|0|0|0|0|0|1|1|0|1|7
572|2|"GASBARRONI Andrea"|"Palermo"|1|2|1|5.5|0|1|5.5|0|0|0|0|0|0|0|0|0|0|0|0|1|1|0|1|19
573|2|"GATTUSO Ivan Gennaro"|"Milan"|1|2|1|6|0|1|6|0|0|0|0|0|0|0|0|0|0|0|0|1|1|0|1|16
574|2|"GAUTIERI Carmine"|"Atalanta"|1|2|1|4.5|0|1|5|0|0|0|0|0|1|0|0|0|0|0|0|1|1|0|1|11
575|2|"GEMITI Giuseppe"|"Udinese"|0|2|0|0|0|0|0|0|0|0|0|0|0|0|0|0|0|0|0|0|0|0|0|1
576|2|"GENTILE Andrea"|"Messina"|0|2|0|0|0|0|0|0|0|0|0|0|0|0|0|0|0|0|0|0|0|0|0|2
577|2|"GIACOMAZZI Guillermo"|"Lecce"|1|2|1|9.5|0|1|6.5|1|0|0|0|0|0|0|0|0|0|0|0|1|1|0|0|6
578|2|"GIALLOMBARDO Andrea"|"Livorno"|1|2|0|0|0|0|0|0|0|0|0|0|0|0|0|0|0|0|0|0|0|0|0|10
579|2|"GIAMPA' Domenico"|"Messina"|1|2|1|10|0|1|7|1|0|0|0|0|0|0|0|0|0|0|0|1|1|0|0|5
580|2|"GIANNICHEDDA Giuliano"|"Lazio"|1|2|1|6|0|1|6|0|0|0|0|0|0|0|0|0|0|0|0|1|1|0|0|12
581|2|"GIUNTI Federico"|"Bologna"|1|2|1|5.5|0|1|5.5|0|0|0|0|0|0|0|0|0|0|0|0|1|1|0|0|8
582|2|"GOBBI Massimo"|"Cagliari"|1|2|1|6|0|1|6|0|0|0|0|0|0|0|0|0|0|0|0|1|1|0|1|9
583|2|"GRAUSO Claudio"|"Livorno"|1|2|0|0|0|0|0|0|0|0|0|0|0|0|0|0|0|0|0|0|0|0|0|3
584|2|"GUANA Roberto"|"Brescia"|1|2|0|0|0|0|0|0|0|0|0|0|0|0|0|0|0|0|0|1|0|0|1|1
585|2|"GUIGOU Gianni"|"Fiorentina"|1|2|0|0|0|0|0|0|0|0|0|0|0|0|0|0|0|0|0|0|0|0|0|6
586|2|"GULY Andres"|"Inter"|0|2|0|0|0|0|0|0|0|0|0|0|0|0|0|0|0|0|0|0|0|0|0|1
587|2|"HELGUERA Ivan"|"Fiorentina"|1|2|0|0|0|0|0|0|0|0|0|0|0|0|0|0|0|0|0|0|0|0|0|1
588|2|"JANKULOVSKI Marek"|"Udinese"|1|2|1|11|0|1|7.5|1|0|0|0|1|1|0|1|0|0|0|0|1|1|0|0|20
589|2|"JORGENSEN Martin"|"Fiorentina"|1|2|1|5|0|1|5|0|0|0|0|0|0|0|0|0|0|0|0|1|1|0|0|17
590|2|"JUNIOR Denilson de Souza"|"Parma"|0|2|0|0|0|0|0|0|0|0|0|0|0|0|0|0|0|0|0|0|0|0|1|2
591|2|"KAKA Ricardo"|"Milan"|1|2|1|10|0|1|7|1|0|0|0|0|0|0|0|0|0|0|0|1|1|0|1|36
592|2|"KAPO Olivier"|"Juventus"|1|2|0|0|0|0|0|0|0|0|0|0|0|0|0|0|0|0|0|0|0|0|0|10
593|2|"KARAGOUNIS Giorgios"|"Inter"|1|2|0|0|0|0|0|0|0|0|0|0|0|0|0|0|0|0|0|0|0|0|0|6
594|2|"KILY GONZALEZ"|"Inter"|1|2|0|0|0|0|0|0|0|0|0|0|0|0|0|0|0|0|0|0|0|0|0|6
595|2|"LAMOUCHI Sabri"|"Inter"|0|2|0|0|0|0|0|0|0|0|0|0|0|0|0|0|0|0|0|0|0|0|0|1
596|2|"LAVECCHIA Luigi"|"Messina"|0|2|0|0|0|0|0|0|0|0|0|0|0|0|0|0|0|0|0|0|0|0|0|2
597|2|"LEDESMA Christian"|"Lecce"|1|2|1|6.5|0|1|6.5|0|0|0|0|0|0|0|0|0|0|0|0|1|1|0|0|13
598|2|"LEON Julio Cesar"|"Reggina"|0|2|0|0|0|0|0|0|0|0|0|0|0|0|0|0|0|0|0|0|0|0|1|1
599|2|"LIMBERSKY David"|"Udinese"|1|2|0|0|0|0|0|0|0|0|0|0|0|0|0|0|0|0|0|0|0|0|0|1
600|2|"LIVERANI Fabio"|"Lazio"|1|2|1|5|0|1|5|0|0|0|0|0|0|0|0|0|0|0|0|1|1|0|0|10
601|2|"LOVISO Massimo"|"Bologna"|1|2|1|6|0|1|6|0|0|0|0|0|0|0|0|0|0|0|0|1|0|0|0|1
602|2|"LUCIANO"|"Chievo"|1|2|0|0|0|0|0|0|0|0|0|0|0|0|0|0|0|0|0|0|0|0|1|4
603|2|"MAGGIO Cristian"|"Fiorentina"|1|2|0|0|0|0|0|0|0|0|0|0|0|0|0|0|0|0|0|0|0|0|0|3
604|2|"MAMEDE Jose' Aleixo"|"Messina"|1|2|0|0|0|0|0|0|0|0|0|0|0|0|0|0|0|0|0|0|0|0|0|8
605|2|"MANCINI Amantino"|"Roma"|1|2|1|5.5|0|1|5.5|0|0|0|0|0|0|0|0|0|0|0|0|1|1|0|1|24
606|2|"MANNINI"|"Brescia"|1|2|1|5|0|1|5|0|0|0|0|0|0|0|0|0|0|0|0|1|1|0|1|4
607|2|"MARCHIONNI Marco"|"Parma"|1|2|1|5.5|0|1|5.5|0|0|0|0|0|0|0|0|0|0|0|0|1|1|0|1|13
608|2|"MARCOLINI Michele"|"Atalanta"|1|2|1|6|0|1|6|0|0|0|0|0|0|0|0|0|0|0|0|1|1|0|1|9
609|2|"MARESCA Enzo"|"Fiorentina"|1|2|0|0|0|0|0|0|0|0|0|0|0|0|0|0|0|0|0|0|0|0|0|20
610|2|"MARIANINI Francesco"|"Lecce"|1|2|0|0|0|0|0|0|0|0|0|0|0|0|0|0|0|0|0|0|0|0|0|11
611|2|"MESTO Giandomenico"|"Reggina"|1|2|1|6|0|1|6|0|0|0|0|0|0|0|0|0|0|0|0|1|1|0|1|8
612|2|"MINGAZZINI Nicola"|"Atalanta"|1|2|0|0|0|0|0|0|0|0|0|0|0|0|0|0|0|0|0|1|0|0|1|3
613|2|"MONTOLIVO Riccardo"|"Atalanta"|1|2|1|6|0|1|6.5|0|0|0|0|0|1|0|0|0|0|0|0|1|1|0|1|16
614|2|"MORFEO Domenico"|"Parma"|1|2|0|0|0|0|0|0|0|0|0|0|0|0|0|0|0|0|0|0|0|0|1|13
615|2|"MORRONE Stefano"|"Palermo"|1|2|0|0|0|0|0|0|0|0|0|0|0|0|0|0|0|0|0|1|0|0|1|3
616|2|"MOZART Junior Santos"|"Reggina"|1|2|1|7.5|0|1|6.5|0|0|0|0|1|0|0|0|0|0|0|0|1|1|0|1|7
617|2|"MUNTARI Sulley Ali"|"Udinese"|1|2|1|6|0|1|6|0|0|0|0|0|0|0|0|0|0|0|0|1|1|0|0|3
618|2|"MUTARELLI Massimo"|"Palermo"|1|2|0|0|0|0|0|0|0|0|0|0|0|0|0|0|0|0|0|0|0|0|1|4
619|2|"NAKAMURA Shunsuke"|"Reggina"|1|2|1|6|0|1|6|0|0|0|0|0|0|0|0|0|0|0|0|1|1|0|1|12
620|2|"NAKATA Hidetoshi"|"Fiorentina"|1|2|1|5.5|0|1|5.5|0|0|0|0|0|0|0|0|0|0|0|0|1|0|0|0|19
621|2|"NEDVED Pavel"|"Juventus"|1|2|1|5.5|0|1|6|0|0|0|0|0|1|0|0|0|0|0|0|1|1|0|0|30
622|2|"NERVO Carlo"|"Bologna"|1|2|1|5.5|0|1|6|0|0|0|0|0|1|0|0|0|0|0|0|1|1|0|0|8
623|2|"OBODO Chris"|"Fiorentina"|1|2|1|6.5|0|1|6.5|0|0|0|0|0|0|0|0|0|0|0|0|1|1|0|0|6
624|2|"OLIVERA Ruben"|"Juventus"|1|2|1|5.5|0|1|5.5|0|0|0|0|0|0|0|0|0|0|0|0|1|1|0|0|8
625|2|"PAGANO Biagio"|"Sampdoria"|1|2|0|0|0|0|0|0|0|0|0|0|0|0|0|0|0|0|0|0|0|0|1|1
626|2|"PALOMBO Angelo"|"Sampdoria"|1|2|1|5|0|1|5|0|0|0|0|0|0|0|0|0|0|0|0|1|0|0|1|5
627|2|"PANDEV Goran"|"Lazio"|1|2|0|0|0|0|0|0|0|0|0|0|0|0|0|0|0|0|0|0|0|0|0|8
628|2|"PAREDES Carlos Humberto"|"Reggina"|1|2|0|0|0|0|0|0|0|0|0|0|0|0|0|0|0|0|0|1|0|0|1|4
629|2|"PASSONI Dario"|"Livorno"|1|2|1|6|0|1|6|0|0|0|0|0|0|0|0|0|0|0|0|1|1|0|0|5
630|2|"PAZIENZA Michele"|"Udinese"|1|2|1|6|0|1|6|0|0|0|0|0|0|0|0|0|0|0|0|1|0|0|0|4
631|2|"PECCHIA Fabio"|"Siena"|1|2|1|6|0|1|6|0|0|0|0|0|0|0|0|0|0|0|0|1|1|0|0|6
632|2|"PERROTTA Simone"|"Roma"|1|2|1|6|0|1|6|0|0|0|0|0|0|0|0|0|0|0|0|1|1|0|1|13
633|2|"PIANGERELLI Luigi"|"Fiorentina"|1|2|1|6|0|1|6|0|0|0|0|0|0|0|0|0|0|0|0|1|1|0|0|3
634|2|"PIERI Mirko"|"Udinese"|1|2|0|0|0|0|0|0|0|0|0|0|0|0|0|0|0|0|0|0|0|0|0|1
635|2|"PINARDI Alex"|"Lecce"|1|2|1|8|0|1|7|0|0|0|0|1|0|0|0|0|0|0|0|1|1|0|0|7
636|2|"PINNA Sebastiano"|"Cagliari"|0|2|0|0|0|0|0|0|0|0|0|0|0|0|0|0|0|0|0|0|0|0|1|1
637|2|"PINZI Giampiero"|"Udinese"|1|2|1|7|0|1|7|0|0|0|0|0|0|0|0|0|0|0|0|1|1|0|0|7
638|2|"PIRLO Andrea"|"Milan"|1|2|1|5.5|0|1|6|0|0|0|0|0|1|0|0|0|0|0|0|1|1|0|1|27
639|2|"PIZARRO David Cortes"|"Udinese"|1|2|1|6.5|0|1|6.5|0|0|0|0|0|0|0|0|0|0|0|0|1|1|0|0|20
640|2|"REBECCHI Mario"|"Inter"|1|2|0|0|0|0|0|0|0|0|0|0|0|0|0|0|0|0|0|0|0|0|0|4
641|2|"ROSINA Alessandro"|"Parma"|1|2|0|0|0|0|0|0|0|0|0|0|0|0|0|0|0|0|0|0|0|0|1|3
642|2|"RUI COSTA Manuel"|"Milan"|1|2|0|0|0|0|0|0|0|0|0|0|0|0|0|0|0|0|0|0|0|0|1|14
643|2|"RUOTOLO Gennaro"|"Livorno"|1|2|0|0|0|0|0|0|0|0|0|0|0|0|0|0|0|0|0|0|0|0|0|1
644|2|"SANTANA Mario Alberto"|"Palermo"|1|2|1|5|0|1|5|0|0|0|0|0|0|0|0|0|0|0|0|1|1|0|1|17
645|2|"SCHOPP Markus"|"Brescia"|1|2|0|0|0|0|0|0|0|0|0|0|0|0|0|0|0|0|0|0|0|0|1|3
646|2|"SEEDORF Clarence"|"Milan"|1|2|1|6.5|0|1|6.5|0|0|0|0|0|0|0|0|0|0|0|0|1|1|0|1|17
647|2|"SEMIOLI Franco"|"Chievo"|1|2|1|11|0|1|7|1|0|1|0|1|0|0|0|0|0|0|0|1|1|0|1|17
648|2|"SERGINHO Claudio Santos"|"Milan"|1|2|1|6|0|1|6|0|0|0|0|0|0|0|0|0|0|0|0|1|0|0|1|5
649|2|"STANKOVIC Dejan"|"Inter"|1|2|1|6|0|1|6.5|0|0|0|0|0|1|0|0|0|0|0|0|1|1|0|0|25
650|2|"SULLO Salvatore"|"Messina"|1|2|1|9.5|0|1|7|1|0|0|0|0|1|0|0|0|0|0|0|1|1|0|0|4
651|2|"TACCHINARDI Alessio"|"Juventus"|1|2|1|6.5|0|1|6.5|0|0|0|0|0|0|0|0|0|0|0|0|1|1|0|0|7
652|2|"TADDEI Rodrigo"|"Siena"|1|2|0|0|0|0|0|0|0|0|0|0|0|0|0|0|0|0|0|0|0|0|0|17
653|2|"TEDESCO Giacomo"|"Reggina"|1|2|1|5.5|0|1|6|0|0|0|0|0|1|0|0|0|0|0|0|1|1|0|1|6
654|2|"TOLEDO Machado"|"Udinese"|1|2|0|0|0|0|0|0|0|0|0|0|0|0|0|0|0|0|0|0|0|0|0|3
655|2|"TOMMASI Damiano"|"Roma"|1|2|0|0|0|0|0|0|0|0|0|0|0|0|0|0|0|0|0|0|0|0|1|1
656|2|"VALDES Jaime"|"Fiorentina"|1|2|0|0|0|0|0|0|0|0|0|0|0|0|0|0|0|0|0|0|0|0|0|4
657|2|"VAN DER MEYDE Andy"|"Inter"|1|2|1|6|0|1|6|0|0|0|0|0|0|0|0|0|0|0|0|1|1|0|0|6
658|2|"VANNUCCHI Ighli"|"Palermo"|0|2|0|0|0|0|0|0|0|0|0|0|0|0|0|0|0|0|0|0|0|0|1|3
659|2|"VERGASSOLA Simone"|"Siena"|1|2|1|10|0|1|7|1|0|0|0|0|0|0|0|0|0|0|0|1|1|0|0|5
660|2|"VERON Juan Sebastian"|"Inter"|1|2|1|6|0|1|6.5|0|0|0|0|0|1|0|0|0|0|0|0|1|1|0|0|18
661|2|"VIDIGAL Da Cruz"|"Livorno"|1|2|1|6|0|1|6|0|0|0|0|0|0|0|0|0|0|0|0|1|1|0|0|6
662|2|"VIGIANI Luca"|"Livorno"|1|2|1|7|0|1|6.5|0|0|0|0|1|1|0|0|0|0|0|0|1|1|0|0|2
663|2|"VOLPI Sergio"|"Sampdoria"|1|2|1|5|0|1|6|0|0|0|0|0|0|1|0|0|0|0|0|1|1|0|1|11
664|2|"ZAGORAKIS Theodoros"|"Bologna"|1|2|1|6|0|1|6|0|0|0|0|0|0|0|0|0|0|0|0|1|1|0|0|16
665|2|"ZANCHETTA Andrea"|"Chievo"|1|2|0|0|0|0|0|0|0|0|0|0|0|0|0|0|0|0|0|0|0|0|1|4
666|2|"ZANETTI Cristiano"|"Inter"|1|2|0|0|0|0|0|0|0|0|0|0|0|0|0|0|0|0|0|0|0|0|0|6
667|2|"ZAULI Lamberto"|"Palermo"|1|2|1|7.5|0|1|7|0|0|0|0|1|1|0|0|0|0|0|0|1|1|0|1|6
668|2|"ZENONI Damiano"|"Atalanta"|1|2|1|5.5|0|1|5.5|0|0|0|0|0|0|0|0|0|0|0|0|1|1|0|1|10
669|2|"ZIVKOVIC Bratislav"|"Sampdoria"|1|2|0|0|0|0|0|0|0|0|0|0|0|0|0|0|0|0|0|0|0|0|1|1
670|2|"CORDOVA Nicolas"|"Livorno"|1|2|1|6|0|1|6|0|0|0|0|0|0|0|0|0|0|0|0|1|0|0|0|9
671|2|"GONZALES Mariano"|"Palermo"|1|2|0|0|0|0|0|0|0|0|0|0|0|0|0|0|0|0|0|0|0|0|1|8
672|2|"VERON Ricardo"|"Reggina"|1|2|0|0|0|0|0|0|0|0|0|0|0|0|0|0|0|0|0|0|0|0|1|2
673|2|"ABATE Ignazio"|"Milan"|0|2|0|0|0|0|0|0|0|0|0|0|0|0|0|0|0|0|0|0|0|0|1|1
674|2|"SIMPLICIO Fabio"|"Parma"|1|2|0|0|0|0|0|0|0|0|0|0|0|0|0|0|0|0|0|0|0|0|1|2
675|2|"DEFRANCESCHI Ivone"|"Chievo"|1|2|0|0|0|0|0|0|0|0|0|0|0|0|0|0|0|0|0|0|0|0|1|6
676|2|"GAMBADORI Alessandro"|"Livorno"|1|2|1|5.5|0|1|5.5|0|0|0|0|0|0|0|0|0|0|0|0|1|0|0|0|1
677|2|"RAIMONDI Cristian"|"Palermo"|1|2|0|0|0|0|0|0|0|0|0|0|0|0|0|0|0|0|0|0|0|0|1|4
678|2|"COLUCCI Giuseppe"|"Reggina"|1|2|1|6|0|1|6|0|0|0|0|0|0|0|0|0|0|0|0|1|1|0|1|8
679|2|"GRELLA Vincenzo"|"Parma"|1|2|1|5.5|0|1|5.5|0|0|0|0|0|0|0|0|0|0|0|0|1|1|0|1|7
680|2|"GONZALEZ Esteban"|"Lazio"|1|2|0|0|0|0|0|0|0|0|0|0|0|0|0|0|0|0|0|0|0|0|0|5
681|2|"MEA Miguel Angel"|"Lazio"|1|2|0|0|0|0|0|0|0|0|0|0|0|0|0|0|0|0|0|0|0|0|0|3
682|2|"TALAMONTI Leonardo"|"Lazio"|1|2|0|0|0|0|0|0|0|0|0|0|0|0|0|0|0|0|0|0|0|0|0|5
683|2|"ROBERT Bryan"|"Lazio"|1|2|0|0|0|0|0|0|0|0|0|0|0|0|0|0|0|0|0|0|0|0|0|4
684|2|"MAURI Stefano"|"Udinese"|1|2|0|0|0|0|0|0|0|0|0|0|0|0|0|0|0|0|0|0|0|0|0|8
685|2|"MILANETTO Omar"|"Brescia"|1|2|1|5.5|0|1|5.5|0|0|0|0|0|0|0|0|0|0|0|0|1|1|0|1|12
686|2|"ALLEGRETTI Riccardo"|"Chievo"|1|2|0|0|0|0|0|0|0|0|0|0|0|0|0|0|0|0|0|1|0|0|1|4
687|2|"DELLA MORTE Ivano"|"Siena"|0|2|0|0|0|0|0|0|0|0|0|0|0|0|0|0|0|0|0|0|0|0|0|7
688|2|"PERALTA Horacio"|"Cagliari"|1|2|0|0|0|0|0|0|0|0|0|0|0|0|0|0|0|0|0|0|0|0|1|4
689|2|"CUCCIARI Alessandro"|"Messina"|1|2|0|0|0|0|0|0|0|0|0|0|0|0|0|0|0|0|0|0|0|0|0|4
690|2|"ESPOSITO Gennaro"|"Siena"|1|2|0|0|0|0|0|0|0|0|0|0|0|0|0|0|0|0|0|0|0|0|0|2
801|2|"ADRIANO Leite Ribeiro"|"Inter"|1|3|1|10.5|0|1|7.5|1|0|0|0|0|0|0|0|0|0|0|0|1|1|0|0|56
802|2|"AMAURI Carvalho De O."|"Chievo"|1|3|1|5.5|0|1|6|0|0|0|0|0|1|0|0|0|0|0|0|1|0|0|1|7
804|2|"BAZZANI Fabio"|"Sampdoria"|1|3|1|6.5|0|1|5.5|0|0|0|0|1|0|0|0|0|0|0|0|1|1|0|1|34
805|2|"BELLUCCI Claudio"|"Bologna"|1|3|1|5.5|0|1|5.5|0|0|0|0|0|0|0|0|0|0|0|0|1|1|0|0|9
806|2|"BIANCHI Rolando"|"Cagliari"|1|3|1|5|0|1|5|0|0|0|0|0|0|0|0|0|0|0|0|1|1|0|1|4
807|2|"BILIOTTI Emiliano"|"Livorno"|1|3|0|0|0|0|0|0|0|0|0|0|0|0|0|0|0|0|0|0|0|0|0|3
808|2|"BOGDANI Erjon"|"Reggina"|0|3|0|0|0|0|0|0|0|0|0|0|0|0|0|0|0|0|0|0|0|0|1|7
809|2|"BOJINOV Valeri E."|"Lecce"|1|3|1|13.5|0|1|8|2|0|0|0|0|1|0|0|0|0|0|0|1|1|0|0|31
810|2|"BONAZZOLI Emiliano"|"Reggina"|1|3|1|9.5|0|1|7|1|0|0|1|0|1|0|0|0|0|0|0|1|1|0|1|21
811|2|"BORRIELLO Marco"|"Reggina"|1|3|1|6.5|0|1|6.5|0|0|0|0|0|0|0|0|0|0|0|0|1|0|0|1|21
812|2|"BRIENZA Franco"|"Palermo"|1|3|1|6.5|0|1|6.5|0|0|0|0|0|0|0|0|0|0|0|0|1|0|0|1|6
813|2|"BUDAN Igor"|"Atalanta"|1|3|0|0|0|0|0|0|0|0|0|0|0|0|0|0|0|0|0|1|0|0|1|10
814|2|"CAMMARATA Fabrizio"|"Cagliari"|0|3|0|0|0|0|0|0|0|0|0|0|0|0|0|0|0|0|0|0|0|0|1|4
815|2|"CAPONE Andrea"|"Cagliari"|0|3|0|0|0|0|0|0|0|0|0|0|0|0|0|0|0|0|0|0|0|0|1|5
816|2|"CARACCIOLO Andrea"|"Brescia"|1|3|1|9|0|1|6.5|1|0|0|0|0|1|0|0|0|0|0|0|1|1|0|1|26
817|2|"CASSANO Antonio"|"Roma"|1|3|0|0|0|0|0|0|0|0|0|0|0|0|0|0|0|0|0|0|0|0|1|37
818|2|"CERCI Alessio"|"Roma"|1|3|0|0|0|0|0|0|0|0|0|0|0|0|0|0|0|0|0|0|0|0|1|2
819|2|"CHIESA Enrico"|"Siena"|1|3|1|6.5|0|1|6.5|0|0|0|0|0|0|0|0|0|0|0|0|1|1|0|0|25
820|2|"CHIUMIENTO Davide"|"Siena"|1|3|0|0|0|0|0|0|0|0|0|0|0|0|0|0|0|0|0|0|0|0|0|5
821|2|"CIPRIANI Giacomo"|"Bologna"|1|3|0|0|0|0|0|0|0|0|0|0|0|0|0|0|0|0|0|0|0|0|0|17
822|2|"COLOMBO Corrado"|"Livorno"|1|3|0|0|0|0|0|0|0|0|0|0|0|0|0|0|0|0|0|1|0|0|0|18
823|2|"COMANDINI Gianni"|"Atalanta"|1|3|0|0|0|0|0|0|0|0|0|0|0|0|0|0|0|0|0|0|0|0|1|10
824|2|"CORVIA Daniele"|"Roma"|1|3|1|7|0|1|6|0|0|0|0|1|0|0|0|0|0|0|0|1|1|0|1|3
825|2|"COSSATO Federico"|"Chievo"|1|3|1|9.5|0|1|6.5|1|0|0|0|0|0|0|0|0|0|0|0|1|1|0|1|12
826|2|"CRESPO Hernan"|"Milan"|1|3|0|0|0|0|0|0|0|0|0|0|0|0|0|0|0|0|0|0|0|0|1|29
827|2|"CRUZ Julio Ricardo"|"Inter"|1|3|1|5.5|0|1|5.5|0|0|0|0|0|0|0|0|0|0|0|0|1|1|0|0|12
828|2|"DANILEVICIUS Tomas"|"Livorno"|1|3|0|0|0|0|0|0|0|0|0|0|0|0|0|0|0|0|0|0|0|0|0|4
829|2|"DEGANO Daniel"|"Parma"|1|3|0|0|0|0|0|0|0|0|0|0|0|0|0|0|0|0|0|0|0|0|1|2
830|2|"DEL PIERO Alessandro"|"Juventus"|1|3|0|0|0|0|0|0|0|0|0|0|0|0|0|0|0|0|0|0|0|0|0|34
831|2|"DELGADO Alfonso Roberto"|"Lazio"|1|3|0|0|0|0|0|0|0|0|0|0|0|0|0|0|0|0|0|0|0|0|0|2
832|2|"DELLA Rocca Luigi"|"Bologna"|0|3|0|0|0|0|0|0|0|0|0|0|0|0|0|0|0|0|0|0|0|0|0|8
833|2|"DELVECCHIO Marco"|"Roma"|1|3|1|5.5|0|1|5.5|0|0|0|0|0|0|0|0|0|0|0|0|1|0|0|1|15
834|2|"DI MICHELE David"|"Udinese"|1|3|1|9.5|0|1|6.5|1|0|0|0|0|0|0|0|0|0|0|0|1|1|0|0|18
835|2|"DI NAPOLI Arturo"|"Messina"|1|3|1|5.5|0|1|5.5|0|0|0|0|0|0|0|0|0|0|0|0|1|1|0|0|23
836|2|"DIONIGI Davide"|"Reggina"|1|3|0|0|0|0|0|0|0|0|0|0|0|0|0|0|0|0|0|0|0|0|1|20
837|2|"ESPOSITO Mauro"|"Cagliari"|1|3|1|6|0|1|6|0|0|0|0|0|0|0|0|0|0|0|0|1|1|0|1|20
838|2|"FANTINI Enrico"|"Fiorentina"|1|3|1|8|0|1|7|0|0|0|0|1|0|0|0|0|0|0|0|1|0|0|0|11
839|2|"FARIAS Ernesto"|"Palermo"|1|3|0|0|0|0|0|0|0|0|0|0|0|0|0|0|0|0|0|0|0|0|1|18
840|2|"FAVA Dino"|"Udinese"|1|3|1|9|0|1|6|1|0|0|0|0|0|0|0|0|0|0|0|1|0|0|0|26
841|2|"FLACHI Francesco"|"Sampdoria"|1|3|1|9.5|0|1|6.5|1|0|0|0|0|0|0|0|0|0|0|0|1|1|0|1|22
842|2|"FLO Tore Andre"|"Siena"|1|3|1|5.5|0|1|5.5|0|0|0|0|0|0|0|0|0|0|0|0|1|0|0|0|15
843|2|"GANCI Massimo"|"Reggina"|1|3|0|0|0|0|0|0|0|0|0|0|0|0|0|0|0|0|0|1|0|0|1|10
844|2|"GILARDINO Alberto"|"Parma"|1|3|1|5|0|1|5|0|0|0|0|0|0|0|0|0|0|0|0|1|1|0|1|52
845|2|"GRAFFIEDI Mattia"|"Siena"|1|3|1|5|0|1|5.5|0|0|0|0|0|1|0|0|0|0|0|0|1|0|0|0|5
846|2|"GRIECO Gaetano"|"Parma"|1|3|0|0|0|0|0|0|0|0|0|0|0|0|0|0|0|0|0|0|0|0|1|2
847|2|"IAQUINTA Vincenzo"|"Udinese"|1|3|1|6.5|0|1|6.5|0|0|0|0|0|0|0|0|0|0|0|0|1|1|0|0|19
848|2|"ILIEV Ivica"|"Messina"|1|3|1|7|0|1|6|0|0|0|0|1|0|0|0|0|0|0|0|1|0|0|0|17
849|2|"INACIO Pia' Joao Baptista"|"Atalanta"|1|3|0|0|0|0|0|0|0|0|0|0|0|0|0|0|0|0|0|1|0|0|1|16
850|2|"INZAGHI Filippo"|"Milan"|1|3|1|7|0|1|7|0|0|0|0|0|0|0|0|0|0|0|0|1|0|0|1|24
851|2|"INZAGHI Simone"|"Lazio"|1|3|1|9|0|1|6.5|1|0|0|0|0|1|0|1|0|0|0|0|1|1|0|0|24
852|2|"JOB Thomas Herve"|"Sampdoria"|0|3|0|0|0|0|0|0|0|0|0|0|0|0|0|0|0|0|0|0|0|0|1|2
853|2|"KONAN Alex Cedric"|"Lecce"|1|3|0|0|0|0|0|0|0|0|0|0|0|0|0|0|0|0|0|0|0|0|0|23
854|2|"KUTUZOV Vitali"|"Sampdoria"|1|3|1|6|0|1|6|0|0|0|0|0|0|0|0|0|0|0|0|1|0|0|1|7
855|2|"LANGELLA Antonio"|"Cagliari"|1|3|1|7|0|1|6|0|0|0|0|1|0|0|0|0|0|0|0|1|0|0|1|5
856|2|"LOCATELLI Tomas"|"Bologna"|1|3|1|5.5|0|1|5.5|0|0|0|0|0|0|0|0|0|0|0|0|1|0|0|0|13
857|2|"LUCARELLI Cristiano"|"Livorno"|1|3|1|5.5|0|1|5.5|0|0|0|0|0|0|0|0|0|0|0|0|1|1|0|0|25
858|2|"MANFREDINI Cristian"|"Lazio"|1|3|0|0|0|0|0|0|0|0|0|0|0|0|0|0|0|0|0|0|0|0|0|5
859|2|"MARCHESETTI Mattia"|"Chievo"|1|3|0|0|0|0|0|0|0|0|0|0|0|0|0|0|0|0|0|0|0|0|1|2
860|2|"MARTINS Obafemi"|"Inter"|1|3|1|5.5|0|1|5.5|0|0|0|0|0|0|0|0|0|0|0|0|1|0|0|0|21
861|2|"MEGHNI Mourad"|"Bologna"|1|3|0|0|0|0|0|0|0|0|0|0|0|0|0|0|0|0|0|0|0|0|0|9
862|2|"MICCOLI Fabrizio"|"Fiorentina"|1|3|1|9.5|0|1|6.5|1|0|0|0|0|0|0|0|0|0|0|0|1|1|0|0|23
863|2|"MONTELLA Vincenzo"|"Roma"|1|3|1|17|0|1|8|3|0|0|0|0|0|0|0|0|0|0|0|1|1|0|1|24
865|2|"MUZZI Roberto"|"Lazio"|1|3|0|0|0|0|0|0|0|0|0|0|0|0|0|0|0|0|0|0|0|0|0|20
866|2|"PAZZINI Giampaolo"|"Atalanta"|1|3|1|5|0|1|5|0|0|0|0|0|0|0|0|0|0|0|0|1|1|0|1|20
867|2|"PELLE' Graziano"|"Lecce"|1|3|0|0|0|0|0|0|0|0|0|0|0|0|0|0|0|0|0|0|0|0|0|2
868|2|"PELLISSIER Sergio"|"Chievo"|1|3|1|5|0|1|5|0|0|0|0|0|0|0|0|0|0|0|0|1|1|0|1|11
869|2|"PORTILLO Javier Garcia"|"Fiorentina"|1|3|1|5|0|1|5|0|0|0|0|0|0|0|0|0|0|0|0|1|1|0|0|24
870|2|"POZZI Nicola"|"Milan"|0|3|0|0|0|0|0|0|0|0|0|0|0|0|0|0|0|0|0|0|0|0|1|5
871|2|"PROTTI Igor"|"Livorno"|1|3|1|9|0|1|6|1|0|0|0|0|0|0|0|0|0|0|0|1|1|0|0|22
872|2|"RASIAK Grzegorz"|"Siena"|1|3|0|0|0|0|0|0|0|0|0|0|0|0|0|0|0|0|0|0|0|0|0|2
873|2|"RECOBA Alvaro"|"Inter"|1|3|0|0|0|0|0|0|0|0|0|0|0|0|0|0|0|0|0|0|0|0|0|20
874|2|"RIGANO' Cristian"|"Fiorentina"|1|3|0|0|0|0|0|0|0|0|0|0|0|0|0|0|0|0|0|0|0|0|0|20
875|2|"ROSSINI Fausto"|"Sampdoria"|1|3|0|0|0|0|0|0|0|0|0|0|0|0|0|0|0|0|0|0|0|0|1|8
876|2|"SAUDATI Luca"|"Atalanta"|1|3|0|0|0|0|0|0|0|0|0|0|0|0|0|0|0|0|0|0|0|0|1|15
877|2|"SCULLI Giuseppe"|"Brescia"|1|3|0|0|0|0|0|0|0|0|0|0|0|0|0|0|0|0|0|0|0|0|1|16
878|2|"SERAFINI Matteo"|"Siena"|1|3|0|0|0|0|0|0|0|0|0|0|0|0|0|0|0|0|0|0|0|0|0|5
879|2|"SHEVCHENKO Andrij"|"Milan"|1|3|1|9|0|1|6|1|0|1|0|0|0|0|1|0|0|0|0|1|1|0|1|54
880|2|"SONCIN Andrea"|"Fiorentina"|0|3|0|0|0|0|0|0|0|0|0|0|0|0|0|0|0|0|0|0|0|0|0|2
881|2|"SUAZO David Velazquez"|"Cagliari"|1|3|1|9.5|0|1|6.5|1|0|0|0|0|0|0|0|0|0|0|0|1|0|0|1|24
882|2|"TARE Igli"|"Bologna"|1|3|1|5.5|0|1|5.5|0|0|0|0|0|0|0|0|0|0|0|0|1|1|0|0|13
883|2|"TIRIBOCCHI Simone"|"Chievo"|1|3|0|0|0|0|0|0|0|0|0|0|0|0|0|0|0|0|0|0|0|0|1|17
884|2|"TOMASSON Jon Dahl"|"Milan"|1|3|1|5|0|1|5|0|0|0|0|0|0|0|0|0|0|0|0|1|1|0|1|18
885|2|"TONI Luca"|"Palermo"|1|3|1|9.5|0|1|6.5|1|0|0|1|0|0|0|0|0|0|0|0|1|1|0|1|32
886|2|"TOTTI Francesco"|"Roma"|1|3|0|0|0|0|0|0|0|0|0|0|0|0|0|0|0|0|0|0|0|0|1|43
887|2|"TREZEGUET David"|"Juventus"|1|3|1|13.5|0|1|7.5|2|0|1|0|0|0|0|0|0|0|0|0|1|1|0|0|47
888|2|"VENTOLA Nicola"|"Inter"|0|3|0|0|0|0|0|0|0|0|0|0|0|0|0|0|0|0|0|0|0|0|0|2
889|2|"VIERI Christian"|"Inter"|1|3|0|0|0|0|0|0|0|0|0|0|0|0|0|0|0|0|0|1|0|0|0|39
890|2|"VRYZAS Zisis"|"Fiorentina"|0|3|0|0|0|0|0|0|0|0|0|0|0|0|0|0|0|0|0|0|0|0|0|10
891|2|"VUCINIC Mirko"|"Lecce"|1|3|0|0|0|0|0|0|0|0|0|0|0|0|0|0|0|0|0|0|0|0|0|18
892|2|"VUGRINEC Davor"|"Atalanta"|0|3|0|0|0|0|0|0|0|0|0|0|0|0|0|0|0|0|0|0|0|0|1|4
893|2|"YANAGISAWA Atsushi"|"Messina"|1|3|0|0|0|0|0|0|0|0|0|0|0|0|0|0|0|0|0|0|0|0|0|9
894|2|"ZALAYETA Marcelo"|"Juventus"|1|3|0|0|0|0|0|0|0|0|0|0|0|0|0|0|0|0|0|1|0|0|0|6
895|2|"ZAMBRELLA Federico"|"Brescia"|1|3|0|0|0|0|0|0|0|0|0|0|0|0|0|0|0|0|0|0|0|0|1|5
896|2|"ZAMPAGNA Riccardo"|"Messina"|1|3|1|9.5|0|1|7|1|0|1|0|0|1|0|0|0|0|0|0|1|1|0|0|20
897|2|"ZANIOLO Igor"|"Messina"|0|3|0|0|0|0|0|0|0|0|0|0|0|0|0|0|0|0|0|0|0|0|0|8
898|2|"ZICU Ianis"|"Parma"|1|3|1|4.5|0|1|5|0|0|0|0|0|1|0|0|0|0|0|0|1|0|0|1|5
899|2|"ZOLA Gianfranco"|"Cagliari"|1|3|1|6|0|1|6|0|0|0|0|0|0|0|0|0|0|0|0|1|1|0|1|34
900|2|"DI CANIO Paolo"|"Lazio"|1|3|1|5.5|0|1|5.5|0|0|0|0|0|0|0|0|0|0|0|0|1|1|0|0|19
901|2|"CHOUTOS Lampros"|"Inter"|1|3|0|0|0|0|0|0|0|0|0|0|0|0|0|0|0|0|0|0|0|0|0|1
902|2|"JADID Abderrazzak"|"Brescia"|1|3|0|0|0|0|0|0|0|0|0|0|0|0|0|0|0|0|0|0|0|0|1|2
903|2|"BJELANOVIC Sasa"|"Lecce"|1|3|1|9|0|1|6.5|1|0|1|0|0|1|0|0|0|0|0|0|1|1|0|0|11
904|2|"SORRENTINO Tonino"|"Parma"|1|3|0|0|0|0|0|0|0|0|0|0|0|0|0|0|0|0|0|0|0|0|1|4
905|2|"NOMVETHE Siyabonga"|"Udinese"|0|3|0|0|0|0|0|0|0|0|0|0|0|0|0|0|0|0|0|0|0|0|0|5
906|2|"GOITOM Henok"|"Udinese"|1|3|0|0|0|0|0|0|0|0|0|0|0|0|0|0|0|0|0|0|0|0|0|2
907|2|"CARPARELLI Marco"|"Siena"|1|3|1|6|0|1|6|0|0|0|0|0|0|0|0|0|0|0|0|1|1|0|0|6
908|2|"DI PASQUALE Danilo"|"Brescia"|1|3|1|6|0|1|6|0|0|0|0|0|0|0|0|0|0|0|0|1|0|0|1|4
909|2|"LAZZARI Andrea"|"Atalanta"|1|3|0|0|0|0|0|0|0|0|0|0|0|0|0|0|0|0|0|0|0|0|1|6
910|2|"MACCARONE Massimo"|"Parma"|1|3|1|6|0|1|6|0|0|0|0|0|0|0|0|0|0|0|0|1|1|0|1|19
911|2|"SINIGAGLIA Davide"|"Reggina"|0|3|0|0|0|0|0|0|0|0|0|0|0|0|0|0|0|0|0|0|0|0|1|1
912|2|"DI NATALE Antonio"|"Udinese"|1|3|1|9.5|0|1|6.5|1|0|1|0|0|0|0|0|0|0|0|0|1|1|0|0|19
913|2|"IBRAHIMOVIC Zlatan"|"Juventus"|1|3|1|5.5|0|1|5.5|0|0|0|0|0|0|0|0|0|0|0|0|1|1|0|0|40
914|2|"MIDO Hossam"|"Roma"|1|3|1|6|0|1|5.5|0|0|0|0|1|1|0|0|0|0|0|0|1|0|0|1|29
915|2|"ROCCHI Tommaso"|"Lazio"|1|3|1|5|0|1|5|0|0|0|0|0|0|0|0|0|0|0|0|1|0|0|0|19
916|2|"AMORUSO Nicola"|"Messina"|1|3|0|0|0|0|0|0|0|0|0|0|0|0|0|0|0|0|0|0|0|0|0|17
