101|5|"ABBIATI Christian"|"Milan"|1|0|0|0|0|0|0|0|0|0|0|0|0|0|0|0|0|0|0|0|0|0|0|6
102|5|"AGLIARDI Federico"|"Brescia"|1|0|0|0|0|0|0|0|0|0|0|0|0|0|0|0|0|0|0|0|0|0|1|8
103|5|"AMELIA Marco"|"Livorno"|1|0|0|0|0|0|0|0|0|0|0|0|0|0|0|0|0|0|0|0|0|0|1|9
104|5|"ANANIA Luca"|"Lecce"|1|0|0|0|0|0|0|0|0|0|0|0|0|0|0|0|0|0|0|0|0|0|1|9
105|5|"ANTONIOLI Francesco"|"Sampdoria"|1|0|1|6|0|1|6|0|0|0|0|0|0|0|0|0|0|0|0|1|1|0|0|17
106|5|"BELARDI Emanuele"|"Reggina"|0|0|0|0|0|0|0|0|0|0|0|0|0|0|0|0|0|0|0|0|0|0|1|3
107|5|"BERTI Gianluca"|"Parma"|1|0|0|0|0|0|0|0|0|0|0|0|0|0|0|0|0|0|0|0|0|0|0|3
108|5|"BIANCHI Emanuele"|"Sampdoria"|1|0|0|0|0|0|0|0|0|0|0|0|0|0|0|0|0|0|0|0|0|0|0|1
109|5|"BONAIUTI Adriano"|"Udinese"|1|0|0|0|0|0|0|0|0|0|0|0|0|0|0|0|0|0|0|0|0|0|0|1
110|5|"BONNEFOI Landry"|"Juventus"|1|0|0|0|0|0|0|0|0|0|0|0|0|0|0|0|0|0|0|0|0|0|1|1
111|5|"BUFFON Gianluigi"|"Juventus"|1|0|1|6|0|1|6|0|0|0|0|0|0|0|0|0|0|0|0|1|1|0|1|24
112|5|"CALDERONI Alex"|"Atalanta"|1|0|0|0|0|0|0|0|0|0|0|0|0|0|0|0|0|0|0|0|0|0|0|1
113|5|"CAPELLO Davide Ugo"|"Cagliari"|1|0|0|0|0|0|0|0|0|0|0|0|0|0|0|0|0|0|0|0|0|0|0|1
114|5|"CASAZZA Fabrizio"|"Lazio"|1|0|0|0|0|0|0|0|0|0|0|0|0|0|0|0|0|0|0|0|0|0|1|1
115|5|"CASTELLAZZI Luca"|"Brescia"|1|0|1|4|0|1|6|0|2|0|0|0|0|0|0|1|0|0|0|1|1|0|1|1
116|5|"CEJAS Christian S."|"Fiorentina"|1|0|0|0|0|0|0|0|0|0|0|0|0|0|0|0|0|0|0|0|0|0|1|9
117|5|"CHIMENTI Antonio"|"Juventus"|1|0|0|0|0|0|0|0|0|0|0|0|0|0|0|0|0|0|0|0|0|0|1|1
118|5|"COPPOLA Ferdinando"|"Reggina"|1|0|0|0|0|0|0|0|0|0|0|0|0|0|0|0|0|0|0|0|0|0|1|1
119|5|"CORDAZ Alex"|"Inter"|1|0|0|0|0|0|0|0|0|0|0|0|0|0|0|0|0|0|0|0|0|0|1|1
120|5|"DE SANCTIS Morgan"|"Udinese"|1|0|1|6|0|1|7|0|1|0|0|0|0|0|0|0|0|0|0|1|1|0|0|20
121|5|"DIDA Nelson de Jesus Silva"|"Milan"|1|0|1|5|0|1|6|0|1|0|0|0|0|0|0|0|0|0|0|1|1|0|0|22
122|5|"ELEFTHEROPOULOS Dimitris"|"Messina"|1|0|0|0|0|0|0|0|0|0|0|0|0|0|0|0|0|0|0|0|0|0|0|7
123|5|"FIORI Valerio"|"Milan"|1|0|0|0|0|0|0|0|0|0|0|0|0|0|0|0|0|0|0|0|0|0|0|1
124|5|"FONTANA Alberto"|"Inter"|1|0|0|0|0|0|0|0|0|0|0|0|0|0|0|0|0|0|0|0|0|0|1|1
125|5|"FORTIN Marco"|"Siena"|1|0|0|0|0|0|0|0|0|0|0|0|0|0|0|0|0|0|0|0|0|0|1|9
126|5|"FREY Sebastien"|"Parma"|1|0|1|6.5|0|1|6.5|0|0|0|0|0|0|0|0|0|0|0|0|1|1|0|0|18
127|5|"GRECO Alessandro"|"Messina"|0|0|0|0|0|0|0|0|0|0|0|0|0|0|0|0|0|0|0|0|0|0|0|1
128|5|"IEZZO  Gennaro"|"Cagliari"|1|0|0|0|0|0|0|0|0|0|0|0|0|0|0|0|0|0|0|0|0|0|0|1
129|5|"KATERGIANNAKIS Theofanis"|"Cagliari"|1|0|1|5|0|1|6|0|1|0|0|0|0|0|0|0|0|0|0|1|1|0|0|14
130|5|"LIPPI Guido"|"Chievo"|1|0|0|0|0|0|0|0|0|0|0|0|0|0|0|0|0|0|0|0|0|0|0|1
131|5|"LUPATELLI Cristiano"|"Fiorentina"|1|0|1|6.5|0|1|6.5|0|0|0|0|0|0|0|0|0|0|0|0|1|1|0|1|10
132|5|"MANNINGER Alexander"|"Siena"|1|0|1|2|0|1|6|0|4|0|0|0|0|0|0|1|0|0|0|1|1|0|1|5
133|5|"MARCHEGIANI Luca"|"Chievo"|1|0|1|5.5|0|1|6.5|0|1|0|0|0|0|0|0|0|0|0|0|1|1|0|0|17
134|5|"MARCON Sergio"|"Chievo"|1|0|0|0|0|0|0|0|0|0|0|0|0|0|0|0|0|0|0|0|0|0|0|1
135|5|"MAREGGINI Gian Matteo"|"Livorno"|1|0|1|3|0|1|5|0|2|0|0|0|0|0|0|0|0|0|0|1|1|0|1|1
136|5|"PAGLIUCA Gianluca"|"Bologna"|1|0|1|5.5|0|1|6.5|0|1|0|0|0|0|0|0|0|0|0|0|1|1|0|1|17
137|5|"PANSERA Andrea"|"Bologna"|1|0|0|0|0|0|0|0|0|0|0|0|0|0|0|0|0|0|0|0|0|0|1|1
138|5|"PAVARINI Nicola"|"Reggina"|1|0|1|2.5|0|1|5.5|0|3|0|0|0|0|0|0|0|0|0|0|1|1|0|1|12
139|5|"PELIZZOLI Ivan"|"Roma"|1|0|1|3|0|1|6|0|3|0|0|0|0|0|0|0|0|0|0|1|1|0|0|19
140|5|"PERUZZI Angelo"|"Lazio"|1|0|0|0|0|0|0|0|0|0|0|0|0|0|0|0|0|0|0|0|0|0|1|18
141|5|"ROCCATI Marco"|"Fiorentina"|1|0|0|0|0|0|0|0|0|0|0|0|0|0|0|0|0|0|0|0|0|0|1|1
142|5|"ROSATI Antonio"|"Lecce"|1|0|0|0|0|0|0|0|0|0|0|0|0|0|0|0|0|0|0|0|0|0|1|1
143|5|"SANTONI Nicola"|"Palermo"|1|0|0|0|0|0|0|0|0|0|0|0|0|0|0|0|0|0|0|0|0|0|0|8
144|5|"SERENI Matteo"|"Lazio"|1|0|1|5|0|1|6|0|1|0|0|0|0|0|0|0|0|0|0|1|1|0|1|6
145|5|"SICIGNANO Vincenzo"|"Lecce"|1|0|1|3.5|0|1|5.5|0|2|0|0|0|0|0|0|0|0|0|0|1|1|0|1|10
146|5|"STORARI Marco"|"Messina"|1|0|1|5.5|0|1|6.5|0|1|0|0|0|0|0|0|0|0|0|0|1|1|0|0|5
147|5|"TAIBI Massimo"|"Atalanta"|1|0|1|6|0|1|7|0|1|0|0|0|0|0|0|0|0|0|0|1|1|0|0|10
148|5|"TOLDO Francesco"|"Inter"|1|0|1|2.5|0|1|5.5|0|3|0|0|0|0|0|0|0|0|0|0|1|1|0|1|19
149|5|"TURCI Luigi"|"Sampdoria"|1|0|0|0|0|0|0|0|0|0|0|0|0|0|0|0|0|0|0|0|0|0|0|1
150|5|"VANIN Giordano"|"Parma"|1|0|0|0|0|0|0|0|0|0|0|0|0|0|0|0|0|0|0|0|0|0|0|1
151|5|"ZANCOPE' Adriano"|"Siena"|1|0|0|0|0|0|0|0|0|0|0|0|0|0|0|0|0|0|0|0|0|0|1|1
152|5|"ZOTTI Carlo"|"Roma"|1|0|0|0|0|0|0|0|0|0|0|0|0|0|0|0|0|0|0|0|0|0|0|1
153|5|"LEJSAL Martin"|"Reggina"|0|0|0|0|0|0|0|0|0|0|0|0|0|0|0|0|0|0|0|0|0|0|1|1
154|5|"SOVIERO Salvatore"|"Reggina"|1|0|0|0|0|0|0|0|0|0|0|0|0|0|0|0|0|0|0|0|0|0|1|6
155|5|"GUARDALBEN Matteo"|"Palermo"|1|0|1|6.5|0|1|6.5|0|0|0|0|0|0|0|0|0|0|0|0|1|1|0|0|16
156|5|"HANDANOVIC Samir"|"Udinese"|1|0|0|0|0|0|0|0|0|0|0|0|0|0|0|0|0|0|0|0|0|0|0|1
157|5|"CARINI Fabian"|"Inter"|1|0|0|0|0|0|0|0|0|0|0|0|0|0|0|0|0|0|0|0|0|0|1|1
158|5|"COMI Paolo"|"Palermo"|1|0|0|0|0|0|0|0|0|0|0|0|0|0|0|0|0|0|0|0|0|0|0|1
159|5|"CURCI Gianluca"|"Roma"|1|0|0|0|0|0|0|0|0|0|0|0|0|0|0|0|0|0|0|0|0|0|0|1
201|5|"ABRUZZESE Giuseppe"|"Lecce"|1|1|0|0|0|0|0|0|0|0|0|0|0|0|0|0|0|0|0|0|0|0|1|3
202|5|"ACCARDI Piero"|"Palermo"|1|1|0|0|0|0|0|0|0|0|0|0|0|0|0|0|0|0|0|0|0|0|0|1
203|5|"ACCURSI Salvatore"|"Messina"|0|1|0|0|0|0|0|0|0|0|0|0|0|0|0|0|0|0|0|0|0|0|0|1
204|5|"ADANI Daniele"|"Brescia"|1|1|0|0|0|0|0|0|0|0|0|0|0|0|0|0|0|0|0|0|0|0|1|7
205|5|"AGOSTINI Alessandro"|"Cagliari"|1|1|1|5.5|0|1|5.5|0|0|0|0|0|0|0|0|0|0|0|0|1|1|0|0|5
206|5|"ALVAREZ Edgar Anthony"|"Cagliari"|1|1|0|0|0|0|0|0|0|0|0|0|0|0|0|0|0|0|0|0|0|0|0|2
207|5|"AQUILANTI Antonio"|"Fiorentina"|1|1|0|0|0|0|0|0|0|0|0|0|0|0|0|0|0|0|0|0|0|0|1|1
208|5|"ARONICA Salvatore"|"Messina"|1|1|1|6|0|1|6|0|0|0|0|0|0|0|0|0|0|0|0|1|0|0|0|1
210|5|"BAGGIO Dino"|"Lazio"|1|1|0|0|0|0|0|0|0|0|0|0|0|0|0|0|0|0|0|0|0|0|1|2
211|5|"BALESTRI Jacopo"|"Reggina"|1|1|1|6|0|1|6|0|0|0|0|0|0|0|0|0|0|0|0|1|1|0|1|4
212|5|"BALLERI David"|"Livorno"|1|1|1|5.5|0|1|6|0|0|0|0|0|1|0|0|0|0|0|0|1|1|0|1|4
213|5|"BARZAGLI Andrea"|"Palermo"|1|1|1|6.5|0|1|6.5|0|0|0|0|0|0|0|0|0|0|0|0|1|1|0|0|13
214|5|"BELLINI Giampaolo"|"Atalanta"|1|1|1|6|0|1|6|0|0|0|0|0|0|0|0|0|0|0|0|1|1|0|0|6
215|5|"BERTOTTO Valerio"|"Udinese"|1|1|1|6|0|1|6|0|0|0|0|0|0|0|0|0|0|0|0|1|1|0|0|6
216|5|"BIAVA Giuseppe"|"Palermo"|1|1|1|7.5|0|1|7.5|0|0|0|0|0|0|0|0|0|0|0|0|1|1|0|0|6
217|5|"BIRINDELLI Alessandro"|"Juventus"|1|1|0|0|0|0|0|0|0|0|0|0|0|0|0|0|0|0|0|0|0|0|1|4
218|5|"BONERA Daniele"|"Parma"|1|1|1|6|0|1|6|0|0|0|0|0|0|0|0|0|0|0|0|1|1|0|0|9
219|5|"BONOMI Simone"|"Siena"|0|1|0|0|0|0|0|0|0|0|0|0|0|0|0|0|0|0|0|0|0|0|1|2
220|5|"BOVO Cesare"|"Parma"|1|1|1|6|0|1|6|0|0|0|0|0|0|0|0|0|0|0|0|1|1|0|0|4
221|5|"BURDISSO Nicolas Andres"|"Inter"|1|1|1|5|0|1|5|0|0|0|0|0|0|0|0|0|0|0|0|1|1|0|1|4
222|5|"CAFU Marcos"|"Milan"|1|1|1|6|0|1|6|0|0|0|0|0|0|0|0|0|0|0|0|1|1|0|0|10
223|5|"CANDELA Vincent"|"Roma"|1|1|0|0|0|0|0|0|0|0|0|0|0|0|0|0|0|0|0|0|0|0|0|3
224|5|"CANNARSA Juri"|"Reggina"|1|1|1|6|0|1|6|0|0|0|0|0|0|0|0|0|0|0|0|1|1|0|1|3
225|5|"CANNAVARO Fabio"|"Juventus"|1|1|1|6.5|0|1|6.5|0|0|0|0|0|0|0|0|0|0|0|0|1|1|0|1|11
226|5|"CANNAVARO Paolo"|"Parma"|1|1|0|0|0|0|0|0|0|0|0|0|0|0|0|0|0|0|0|0|0|0|0|10
227|5|"CAPUANO Ciro"|"Bologna"|1|1|1|5.5|0|1|5.5|0|0|0|0|0|0|0|0|0|0|0|0|1|1|0|1|1
228|5|"CARDONE Giuseppe"|"Parma"|1|1|0|0|0|0|0|0|0|0|0|0|0|0|0|0|0|0|0|0|0|0|0|3
229|5|"CARROZZIERI Morris"|"Sampdoria"|1|1|0|0|0|0|0|0|0|0|0|0|0|0|0|0|0|0|0|0|0|0|0|5
230|5|"CASTELLINI Marcello"|"Sampdoria"|1|1|0|0|0|0|0|0|0|0|0|0|0|0|0|0|0|0|0|0|0|0|0|8
231|5|"CESAR Vinicio Cervo de Luca"|"Chievo"|1|1|0|0|0|0|0|0|0|0|0|0|0|0|0|0|0|0|0|0|0|0|0|1
232|5|"CHIELLINI Giorgio"|"Fiorentina"|1|1|1|5|0|1|5|0|0|0|0|0|0|0|0|0|0|0|0|1|1|0|1|5
233|5|"CHIVU Cristian"|"Roma"|1|1|0|0|0|0|0|0|0|0|0|0|0|0|0|0|0|0|0|0|0|0|0|13
234|5|"CIRILLO Bruno"|"Siena"|1|1|1|5|0|1|5|0|0|0|0|0|0|0|0|0|0|0|0|1|1|0|1|2
235|5|"COCO Francesco"|"Inter"|1|1|0|0|0|0|0|0|0|0|0|0|0|0|0|0|0|0|0|0|0|0|1|3
236|5|"COLONNESE Francesco"|"Siena"|1|1|0|0|0|0|0|0|0|0|0|0|0|0|0|0|0|0|0|0|0|0|1|5
237|5|"CONTE Mirko"|"Messina"|1|1|1|6.5|0|1|6.5|0|0|0|0|0|0|0|0|0|0|0|0|1|1|0|0|8
238|5|"CONTEH Kewullay"|"Palermo"|1|1|0|0|0|0|0|0|0|0|0|0|0|0|0|0|0|0|0|0|0|0|0|2
239|5|"CONTINI Matteo"|"Parma"|1|1|1|6|0|1|6.5|0|0|0|0|0|1|0|0|0|0|0|0|1|1|0|0|1
240|5|"CORDOBA Ivan Ramiro"|"Inter"|1|1|1|5.5|0|1|5.5|0|0|0|0|0|0|0|0|0|0|0|0|1|1|0|1|9
241|5|"COSTACURTA Alessandro"|"Milan"|1|1|0|0|0|0|0|0|0|0|0|0|0|0|0|0|0|0|0|0|0|0|0|4
242|5|"CUFRE' Leandro"|"Roma"|1|1|1|6|0|1|6|0|0|0|0|0|0|0|0|0|0|0|0|1|1|0|0|4
243|5|"DAINELLI Dario"|"Fiorentina"|1|1|0|0|0|0|0|0|0|0|0|0|0|0|0|0|0|0|0|0|0|0|1|9
244|5|"DAINO Daniele"|"Bologna"|1|1|1|6|0|1|6|0|0|0|0|0|0|0|0|0|0|0|0|1|0|0|1|5
245|5|"D'ANNA Lorenzo"|"Chievo"|1|1|1|7|0|1|7|0|0|0|0|0|0|0|0|0|0|0|0|1|1|0|0|6
246|5|"DE ROSA Gaetano"|"Reggina"|1|1|0|0|0|0|0|0|0|0|0|0|0|0|0|0|0|0|0|0|0|0|1|3
247|5|"DE VACA José"|"Udinese"|1|1|0|0|0|0|0|0|0|0|0|0|0|0|0|0|0|0|0|0|0|0|0|1
248|5|"DELLAS Traianos"|"Roma"|1|1|1|6|0|1|6|0|0|0|0|0|0|0|0|0|0|0|0|1|0|0|0|5
249|5|"DELLI CARRI Daniele"|"Fiorentina"|1|1|1|6|0|1|6|0|0|0|0|0|0|0|0|0|0|0|0|1|1|0|1|2
250|5|"DI BIAGIO Luigi"|"Brescia"|1|1|1|6.5|0|1|7|0|0|0|0|0|1|0|0|0|0|0|0|1|1|0|1|12
251|5|"DIAMOUTENE Seuleyman"|"Lecce"|1|1|1|5|0|1|5.5|0|0|0|0|0|1|0|0|0|0|0|0|1|1|0|1|3
252|5|"DOMIZZI Maurizio"|"Brescia"|1|1|1|5.5|0|1|5.5|0|0|0|0|0|0|0|0|0|0|0|0|1|1|0|1|7
253|5|"ESTEVES Ricardo"|"Reggina"|1|1|0|0|0|0|0|0|0|0|0|0|0|0|0|0|0|0|0|0|0|0|1|1
254|5|"FALCONE Giulio"|"Sampdoria"|1|1|1|7|0|1|7|0|0|0|0|0|0|0|0|0|0|0|0|1|1|0|0|8
255|5|"FALSINI Gianluca"|"Siena"|1|1|0|0|0|0|0|0|0|0|0|0|0|0|0|0|0|0|0|0|0|0|1|5
256|5|"FANUCCI Stefano"|"Livorno"|0|1|0|0|0|0|0|0|0|0|0|0|0|0|0|0|0|0|0|0|0|0|1|1
257|5|"FAVALLI Giuseppe"|"Inter"|1|1|0|0|0|0|0|0|0|0|0|0|0|0|0|0|0|0|0|0|0|0|1|13
258|5|"FELIPE"|"Udinese"|1|1|1|6|0|1|6|0|0|0|0|0|0|0|0|0|0|0|0|1|1|0|0|3
259|5|"FERRARA Ciro"|"Juventus"|1|1|0|0|0|0|0|0|0|0|0|0|0|0|0|0|0|0|0|0|0|0|1|6
260|5|"FERRARI Matteo"|"Roma"|1|1|1|5|0|1|5|0|0|0|0|0|0|0|0|0|0|0|0|1|1|0|0|10
261|5|"FERRI Michele"|"Palermo"|1|1|0|0|0|0|0|0|0|0|0|0|0|0|0|0|0|0|0|0|0|0|0|1
262|5|"FERRONETTI Damiano"|"Parma"|1|1|0|0|0|0|0|0|0|0|0|0|0|0|0|0|0|0|0|0|0|0|0|3
263|5|"FOGLIO Paolo"|"Siena"|1|1|0|0|0|0|0|0|0|0|0|0|0|0|0|0|0|0|0|0|0|0|1|1
264|5|"FRANCESCHINI Ivan"|"Reggina"|1|1|1|8.5|0|1|6|1|0|0|0|0|1|0|0|0|0|0|0|1|1|0|1|8
265|5|"FUSCO Luca"|"Messina"|1|1|0|0|0|0|0|0|0|0|0|0|0|0|0|0|0|0|0|0|0|0|0|5
266|5|"GAMARRA Carlos Alberto"|"Inter"|1|1|0|0|0|0|0|0|0|0|0|0|0|0|0|0|0|0|0|0|0|0|1|2
267|5|"GAMBERINI Alessandro"|"Bologna"|1|1|0|0|0|0|0|0|0|0|0|0|0|0|0|0|0|0|0|0|0|0|1|1
268|5|"GASTALDELLO Daniele"|"Chievo"|0|1|0|0|0|0|0|0|0|0|0|0|0|0|0|0|0|0|0|0|0|0|0|3
269|5|"GONNELLA Natale"|"Atalanta"|1|1|1|5.5|0|1|5.5|0|0|0|0|0|0|0|0|0|0|0|0|1|1|0|0|6
270|5|"GRANDONI Alessandro"|"Livorno"|1|1|1|5.5|0|1|6|0|0|0|0|0|1|0|0|0|0|0|0|1|1|0|1|5
271|5|"GROSSO Fabio"|"Palermo"|1|1|1|7|0|1|7|0|0|0|0|0|0|0|0|0|0|0|0|1|1|0|0|13
272|5|"INNOCENTI Duccio"|"Atalanta"|1|1|0|0|0|0|0|0|0|0|0|0|0|0|0|0|0|0|0|0|0|0|0|4
273|5|"IULIANO Mark"|"Juventus"|1|1|0|0|0|0|0|0|0|0|0|0|0|0|0|0|0|0|0|0|0|0|1|5
274|5|"JUAREZ De Souza"|"Bologna"|1|1|1|5.5|0|1|5.5|0|0|0|0|0|0|0|0|0|0|0|0|1|1|0|1|4
275|5|"KALADZE Kakha"|"Milan"|1|1|1|5.5|0|1|5.5|0|0|0|0|0|0|0|0|0|0|0|0|1|1|0|0|4
276|5|"KROLDRUP Per"|"Udinese"|1|1|1|6|0|1|6|0|0|0|0|0|0|0|0|0|0|0|0|1|1|0|0|10
277|5|"LANNA Salvatore"|"Chievo"|1|1|1|6.5|0|1|6.5|0|0|0|0|0|0|0|0|0|0|0|0|1|1|0|0|8
278|5|"LANZARO Maurizio"|"Roma"|0|1|0|0|0|0|0|0|0|0|0|0|0|0|0|0|0|0|0|0|0|0|0|2
279|5|"LEGROTTAGLIE Nicola"|"Juventus"|1|1|0|0|0|0|0|0|0|0|0|0|0|0|0|0|0|0|0|0|0|0|1|8
280|5|"LOPEZ Diego"|"Cagliari"|1|1|0|0|0|0|0|0|0|0|0|0|0|0|0|0|0|0|0|0|0|0|0|6
281|5|"LORENZI Stefano"|"Atalanta"|0|1|0|0|0|0|0|0|0|0|0|0|0|0|0|0|0|0|0|0|0|0|0|4
282|5|"LORIA Simone"|"Cagliari"|1|1|1|5.5|0|1|5.5|0|0|0|0|0|0|0|0|0|0|0|0|1|1|0|0|5
283|5|"LUCARELLI Alessandro"|"Livorno"|1|1|1|5|0|1|5.5|0|0|0|0|0|1|0|0|0|0|0|0|1|1|0|1|4
284|5|"MALAGO' Marco"|"Chievo"|1|1|0|0|0|0|0|0|0|0|0|0|0|0|0|0|0|0|0|1|0|0|0|1
285|5|"MALDINI Paolo"|"Milan"|1|1|1|5.5|0|1|5.5|0|0|0|0|0|0|0|0|0|0|0|0|1|1|0|0|19
286|5|"MALTAGLIATI Roberto"|"Cagliari"|1|1|0|0|0|0|0|0|0|0|0|0|0|0|0|0|0|0|0|0|0|0|0|5
287|5|"MANDELLI Davide"|"Chievo"|1|1|1|6.5|0|1|6.5|0|0|0|0|0|0|0|0|0|0|0|0|1|1|0|0|8
288|5|"MANFREDINI Thomas"|"Udinese"|0|1|0|0|0|0|0|0|0|0|0|0|0|0|0|0|0|0|0|0|0|0|0|3
289|5|"MARECO Victor Hugo"|"Brescia"|1|1|1|5|0|1|5|0|0|0|0|0|0|0|0|0|0|0|0|1|1|0|1|5
290|5|"MARTINEZ George"|"Reggina"|0|1|0|0|0|0|0|0|0|0|0|0|0|0|0|0|0|0|0|0|0|0|1|1
291|5|"MARTINEZ VIDAL Gilberto"|"Brescia"|1|1|1|5.5|0|1|5.5|0|0|0|0|0|0|0|0|0|0|0|0|1|1|0|1|7
292|5|"MATERAZZI Marco"|"Inter"|1|1|0|0|0|0|0|0|0|0|0|0|0|0|0|0|0|0|0|0|0|0|1|17
293|5|"MELARA Matteo"|"Livorno"|1|1|1|5.5|0|1|5.5|0|0|0|0|0|0|0|0|0|0|0|0|1|1|0|1|7
294|5|"MENSAH John"|"Chievo"|1|1|0|0|0|0|0|0|0|0|0|0|0|0|0|0|0|0|0|0|0|0|0|1
295|5|"MEXES Philippe"|"Roma"|1|1|1|5|0|1|5|0|0|0|0|0|0|0|0|0|0|0|0|1|1|0|0|15
296|5|"MICOLUCCI Vittorio"|"Udinese"|0|1|0|0|0|0|0|0|0|0|0|0|0|0|0|0|0|0|0|0|0|0|0|1
297|5|"MIGNANI Michele"|"Siena"|1|1|1|5|0|1|5|0|0|0|0|0|0|0|0|0|0|0|0|1|1|0|1|6
298|5|"MIHAJLOVIC Sinisa"|"Inter"|1|1|0|0|0|0|0|0|0|0|0|0|0|0|0|0|0|0|0|0|0|0|1|11
299|5|"MINELLI Mauro"|"Atalanta"|1|1|0|0|0|0|0|0|0|0|0|0|0|0|0|0|0|0|0|0|0|0|0|3
300|5|"MONTERO Paolo"|"Juventus"|1|1|0|0|0|0|0|0|0|0|0|0|0|0|0|0|0|0|0|0|0|0|1|8
301|5|"MORO Fabio"|"Chievo"|1|1|1|6.5|0|1|6.5|0|0|0|0|0|0|0|0|0|0|0|0|1|1|0|0|4
302|5|"NASTASE Valentin V."|"Bologna"|1|1|0|0|0|0|0|0|0|0|0|0|0|0|0|0|0|0|0|0|0|0|1|3
303|5|"NATALI Cesare"|"Atalanta"|1|1|1|6|0|1|6|0|0|0|0|0|0|0|0|0|0|0|0|1|1|0|0|12
304|5|"NEGRO Paolo"|"Lazio"|1|1|0|0|0|0|0|0|0|0|0|0|0|0|0|0|0|0|0|0|0|0|1|4
305|5|"NESTA Alessandro"|"Milan"|1|1|1|5.5|0|1|5.5|0|0|0|0|0|0|0|0|0|0|0|0|1|1|0|0|21
306|5|"ODDO Massimo"|"Lazio"|1|1|1|6.5|0|1|6.5|0|0|0|0|0|0|0|0|0|0|0|0|1|1|0|1|13
307|5|"OYOLA Gabriel Gaston"|"Parma"|0|1|0|0|0|0|0|0|0|0|0|0|0|0|0|0|0|0|0|0|0|0|0|1
308|5|"PACI Massimo"|"Lecce"|1|1|0|0|0|0|0|0|0|0|0|0|0|0|0|0|0|0|0|0|0|0|1|4
309|5|"PANCARO Giuseppe"|"Milan"|1|1|0|0|0|0|0|0|0|0|0|0|0|0|0|0|0|0|0|0|0|0|0|9
310|5|"PANUCCI Christian"|"Roma"|1|1|1|6.5|0|1|6.5|0|0|0|0|0|0|0|0|0|0|0|0|1|1|0|0|14
311|5|"PARISI Alessandro"|"Messina"|1|1|1|10.5|0|1|7.5|1|0|0|0|0|0|0|0|0|0|0|0|1|1|0|0|18
312|5|"PASQUALE Giovanni"|"Inter"|1|1|0|0|0|0|0|0|0|0|0|0|0|0|0|0|0|0|0|0|0|0|1|1
313|5|"PAVAN Simone"|"Sampdoria"|1|1|1|4.5|0|1|5|0|0|0|0|0|1|0|0|0|0|0|0|1|1|0|0|1
314|5|"PERNA Armando"|"Livorno"|0|1|0|0|0|0|0|0|0|0|0|0|0|0|0|0|0|0|0|0|0|0|1|1
315|5|"PESARESI Emanuele"|"Chievo"|1|1|0|0|0|0|0|0|0|0|0|0|0|0|0|0|0|0|0|0|0|0|0|1
316|5|"PESSOTTO Gianluca"|"Juventus"|1|1|0|0|0|0|0|0|0|0|0|0|0|0|0|0|0|0|0|0|0|0|1|6
317|5|"PETRUZZI Fabio"|"Bologna"|1|1|1|6|0|1|6|0|0|0|0|0|0|0|0|0|0|0|0|1|1|0|1|10
318|5|"PFERTZEL Marc"|"Livorno"|1|1|1|6|0|1|6|0|0|0|0|0|0|0|0|0|0|0|0|1|0|0|1|6
319|5|"PICCOLO Felice"|"Reggina"|1|1|0|0|0|0|0|0|0|0|0|0|0|0|0|0|0|0|0|0|0|0|1|3
320|5|"PIERINI Alessandro"|"Udinese"|0|1|0|0|0|0|0|0|0|0|0|0|0|0|0|0|0|0|0|0|0|0|0|1
321|5|"PISANO Marco"|"Sampdoria"|1|1|0|0|0|0|0|0|0|0|0|0|0|0|0|0|0|0|0|0|0|0|0|1
323|5|"POTENZA Alessandro"|"Parma"|1|1|1|6|0|1|6|0|0|0|0|0|0|0|0|0|0|0|0|1|1|0|0|5
324|5|"RAFAEL Pereira da Silva"|"Messina"|1|1|0|0|0|0|0|0|0|0|0|0|0|0|0|0|0|0|0|0|0|0|0|7
325|5|"REZAEI Rahman"|"Messina"|1|1|1|6.5|0|1|6.5|0|0|0|0|0|0|0|0|0|0|0|0|1|1|0|0|5
326|5|"RIVALTA Claudio"|"Atalanta"|1|1|1|6|0|1|6|0|0|0|0|0|0|0|0|0|0|0|0|1|1|0|0|1
327|5|"RULLO Erminio"|"Lecce"|1|1|1|5.5|0|1|5.5|0|0|0|0|0|0|0|0|0|0|0|0|1|1|0|1|1
328|5|"RUSTICO Fabio"|"Atalanta"|1|1|0|0|0|0|0|0|0|0|0|0|0|0|0|0|0|0|0|0|0|0|0|2
329|5|"SABATO Rocco"|"Cagliari"|1|1|0|0|0|0|0|0|0|0|0|0|0|0|0|0|0|0|0|0|0|0|0|1
330|5|"SACCHETTI Stefano"|"Sampdoria"|1|1|0|0|0|0|0|0|0|0|0|0|0|0|0|0|0|0|0|1|0|0|0|5
331|5|"SALA Luigi"|"Atalanta"|1|1|1|6|0|1|6|0|0|0|0|0|0|0|0|0|0|0|0|1|0|0|0|3
332|5|"SANTOS Gleison"|"Atalanta"|1|1|0|0|0|0|0|0|0|0|0|0|0|0|0|0|0|0|0|0|0|0|0|1
333|5|"SARTOR Luigi"|"Roma"|1|1|0|0|0|0|0|0|0|0|0|0|0|0|0|0|0|0|0|0|0|0|0|2
334|5|"SAVINI Mirko"|"Fiorentina"|1|1|0|0|0|0|0|0|0|0|0|0|0|0|0|0|0|0|0|0|0|0|1|5
335|5|"SENSINI Nestor"|"Udinese"|1|1|0|0|0|0|0|0|0|0|0|0|0|0|0|0|0|0|0|0|0|0|0|11
336|5|"SILVESTRI Cristian"|"Lecce"|1|1|0|0|0|0|0|0|0|0|0|0|0|0|0|0|0|0|0|0|0|0|1|3
337|5|"SIMIC Dario"|"Milan"|1|1|0|0|0|0|0|0|0|0|0|0|0|0|0|0|0|0|0|0|0|0|0|2
338|5|"SIVIGLIA Sebastiano"|"Lazio"|1|1|1|6|0|1|6|0|0|0|0|0|0|0|0|0|0|0|0|1|1|0|1|6
339|5|"SMIT Vlado"|"Bologna"|1|1|0|0|0|0|0|0|0|0|0|0|0|0|0|0|0|0|0|0|0|0|1|3
340|5|"SOTTIL Andrea"|"Udinese"|0|1|0|0|0|0|0|0|0|0|0|0|0|0|0|0|0|0|0|0|0|0|0|4
341|5|"STAM Jaap"|"Milan"|1|1|0|0|0|0|0|0|0|0|0|0|0|0|0|0|0|0|0|0|0|0|0|18
342|5|"STANKEVICIUS Marius"|"Brescia"|1|1|0|0|0|0|0|0|0|0|0|0|0|0|0|0|0|0|0|0|0|0|1|2
343|5|"STOVINI Lorenzo"|"Lecce"|1|1|1|5|0|1|5.5|0|0|0|0|0|1|0|0|0|0|0|0|1|1|0|1|8
344|5|"SUSSI Andrea"|"Bologna"|1|1|0|0|0|0|0|0|0|0|0|0|0|0|0|0|0|0|0|0|0|0|1|6
345|5|"TERLIZZI Christian"|"Palermo"|1|1|0|0|0|0|0|0|0|0|0|0|0|0|0|0|0|0|0|0|0|0|0|1
346|5|"TERZI Claudio"|"Bologna"|0|1|0|0|0|0|0|0|0|0|0|0|0|0|0|0|0|0|0|0|0|0|1|1
347|5|"THURAM Lilian"|"Juventus"|1|1|1|6.5|0|1|6.5|0|0|0|0|0|0|0|0|0|0|0|0|1|1|0|1|13
348|5|"TONETTO Max"|"Sampdoria"|1|1|1|6|0|1|6|0|0|0|0|0|0|0|0|0|0|0|0|1|1|0|0|9
349|5|"TUDOR Igor"|"Juventus"|1|1|0|0|0|0|0|0|0|0|0|0|0|0|0|0|0|0|0|0|0|0|1|5
350|5|"UJFALUSI Tomas"|"Fiorentina"|1|1|1|6.5|0|1|6.5|0|0|0|0|0|0|0|0|0|0|0|0|1|1|0|1|12
351|5|"VANIGLI Richard"|"Livorno"|0|1|0|0|0|0|0|0|0|0|0|0|0|0|0|0|0|0|0|0|0|0|1|3
352|5|"VARGAS Jeorge"|"Livorno"|1|1|1|6|0|1|6|0|0|0|0|0|0|0|0|0|0|0|0|1|1|0|1|6
353|5|"VIALI William"|"Fiorentina"|1|1|1|7|0|1|7|0|0|0|0|0|0|0|0|0|0|0|0|1|1|0|1|3
354|5|"ZACCARDO Cristian"|"Palermo"|1|1|1|6.5|0|1|6.5|0|0|0|0|0|0|0|0|0|0|0|0|1|1|0|0|8
355|5|"ZAMBELLI Marco"|"Brescia"|1|1|1|5.5|0|1|5.5|0|0|0|0|0|0|0|0|0|0|0|0|1|1|0|1|1
356|5|"ZAMBONI Marco"|"Reggina"|1|1|1|4.5|0|1|5|0|0|0|0|0|1|0|0|0|0|0|0|1|1|0|1|4
357|5|"ZAMBROTTA Gianluca"|"Juventus"|1|1|1|6|0|1|6|0|0|0|0|0|0|0|0|0|0|0|0|1|1|0|1|21
358|5|"ZANCHI Marco"|"Messina"|1|1|0|0|0|0|0|0|0|0|0|0|0|0|0|0|0|0|0|0|0|0|0|5
359|5|"ZANETTI Javier"|"Inter"|1|1|1|6|0|1|6|0|0|0|0|0|0|0|0|0|0|0|0|1|1|0|1|13
360|5|"ZAURI Luciano"|"Lazio"|1|1|1|5.5|0|1|5.5|0|0|0|0|0|0|0|0|0|0|0|0|1|1|0|1|12
361|5|"ZE MARIA"|"Inter"|1|1|1|5.5|0|1|5.5|0|0|0|0|0|0|0|0|0|0|0|0|1|1|0|1|14
362|5|"ZEBINA Jonathan"|"Juventus"|1|1|1|6|0|1|6.5|0|0|0|0|0|1|0|0|0|0|0|0|1|1|0|1|11
363|5|"ZENONI Cristian"|"Sampdoria"|1|1|1|6|0|1|6|0|0|0|0|0|0|0|0|0|0|0|0|1|1|0|0|8
364|5|"ZOBOLI Davide"|"Brescia"|1|1|1|4|0|1|5|0|0|0|0|0|0|1|0|0|0|0|0|1|1|0|1|4
365|5|"ZORO Marco A."|"Messina"|1|1|1|7|0|1|7|0|0|0|0|0|0|0|0|0|0|0|0|1|1|0|0|5
366|5|"PORTANOVA Daniele"|"Siena"|1|1|1|8.5|0|1|5.5|1|0|0|0|0|0|0|0|0|0|0|0|1|1|0|1|9
367|5|"SORONDO Gonzalo"|"Inter"|0|1|0|0|0|0|0|0|0|0|0|0|0|0|0|0|0|0|0|0|0|0|1|1
368|5|"EVANGELISTI Alessandro"|"Livorno"|1|1|0|0|0|0|0|0|0|0|0|0|0|0|0|0|0|0|0|0|0|0|1|1
369|5|"LOPEZ Oscar"|"Lazio"|1|1|0|0|0|0|0|0|0|0|0|0|0|0|0|0|0|0|0|0|0|0|1|8
370|5|"COUTO Fernando"|"Lazio"|1|1|1|6.5|0|1|6.5|0|0|0|0|0|0|0|0|0|0|0|0|1|1|0|1|12
371|5|"OSEI Emmanuel"|"Livorno"|1|1|0|0|0|0|0|0|0|0|0|0|0|0|0|0|0|0|0|0|0|0|1|1
372|5|"TORRISI Stefano"|"Bologna"|1|1|1|6|0|1|6.5|0|0|0|0|0|1|0|0|0|0|0|0|1|1|0|1|6
373|5|"BELLERI Manuel"|"Udinese"|1|1|0|0|0|0|0|0|0|0|0|0|0|0|0|0|0|0|0|0|0|0|0|4
374|5|"CRIBARI Sanchez Emilson"|"Udinese"|1|1|1|5.5|0|1|5.5|0|0|0|0|0|0|0|0|0|0|0|0|1|1|0|0|7
375|5|"SERIC Anthony"|"Lazio"|1|1|0|0|0|0|0|0|0|0|0|0|0|0|0|0|0|0|0|0|0|0|1|4
376|5|"MORABITO Giovanni"|"Reggina"|1|1|0|0|0|0|0|0|0|0|0|0|0|0|0|0|0|0|0|0|0|0|1|3
377|5|"NICOLA Davide"|"Siena"|1|1|1|6|0|1|6|0|0|0|0|0|0|0|0|0|0|0|0|1|1|0|1|6
378|5|"COLOCCINI Fabrizio"|"Milan"|1|1|0|0|0|0|0|0|0|0|0|0|0|0|0|0|0|0|0|0|0|0|0|5
379|5|"THIAGO Pimentel"|"Reggina"|0|1|0|0|0|0|0|0|0|0|0|0|0|0|0|0|0|0|0|0|0|0|1|4
380|5|"BEGA Francesco"|"Cagliari"|1|1|1|5.5|0|1|5.5|0|0|0|0|0|0|0|0|0|0|0|0|1|1|0|0|6
381|5|"LEQUI Matias Emanuel"|"Lazio"|1|1|0|0|0|0|0|0|0|0|0|0|0|0|0|0|0|0|0|0|0|0|1|4
382|5|"ESPOSITO Marco"|"Chievo"|1|1|0|0|0|0|0|0|0|0|0|0|0|0|0|0|0|0|0|0|0|0|0|2
383|5|"DALLAMANO Simone"|"Brescia"|1|1|1|6|0|1|6.5|0|0|0|0|0|1|0|0|0|0|0|0|1|1|0|1|3
384|5|"CAMARA Ibrahima Sory"|"Parma"|1|1|0|0|0|0|0|0|0|0|0|0|0|0|0|0|0|0|0|0|0|0|0|2
385|5|"PISANO Francesco"|"Cagliari"|1|1|1|6|0|1|6|0|0|0|0|0|0|0|0|0|0|0|0|1|1|0|0|2
501|5|"ABEIJON Nelson"|"Cagliari"|1|2|1|5|0|1|5.5|0|0|0|0|0|1|0|0|0|0|0|0|1|1|0|0|10
502|5|"ALBERTINI Demetrio"|"Atalanta"|1|2|1|6.5|0|1|6.5|0|0|0|0|0|0|0|0|0|0|0|0|1|1|0|0|20
503|5|"ALBERTO Valentin Do Carmo"|"Udinese"|1|2|1|5|0|1|5|0|0|0|0|0|0|0|0|0|0|0|0|1|1|0|0|5
504|5|"ALBINO Marcello"|"Cagliari"|1|2|0|0|0|0|0|0|0|0|0|0|0|0|0|0|0|0|0|1|0|0|0|6
505|5|"ALMEYDA Matias"|"Brescia"|1|2|0|0|0|0|0|0|0|0|0|0|0|0|0|0|0|0|0|0|0|0|1|9
506|5|"AMBROSINI Massimo"|"Milan"|1|2|0|0|0|0|0|0|0|0|0|0|0|0|0|0|0|0|0|0|0|0|0|5
507|5|"AMETRANO Raffaele"|"Messina"|1|2|0|0|0|0|0|0|0|0|0|0|0|0|0|0|0|0|0|0|0|0|0|1
508|5|"AMOROSO Christian"|"Bologna"|1|2|1|7|0|1|7|0|0|0|0|0|0|0|0|0|0|0|0|1|1|0|1|4
509|5|"ANTONINI Luca"|"Sampdoria"|0|2|0|0|0|0|0|0|0|0|0|0|0|0|0|0|0|0|0|0|0|0|0|1
510|5|"APPIAH Stephen"|"Juventus"|1|2|1|6|0|1|6.5|0|0|0|0|0|1|0|0|0|0|0|0|1|1|0|1|4
511|5|"AQUILANI Alberto"|"Roma"|1|2|0|0|0|0|0|0|0|0|0|0|0|0|0|0|0|0|0|0|0|0|0|3
512|5|"ARDITO Andrea"|"Siena"|1|2|0|0|0|0|0|0|0|0|0|0|0|0|0|0|0|0|0|0|0|0|1|4
513|5|"ARGILLI Stefano"|"Siena"|1|2|1|6|0|1|6|0|0|0|0|0|0|0|0|0|0|0|0|1|1|0|1|1
514|5|"ARIATTI Luca"|"Fiorentina"|1|2|1|5.5|0|1|6|0|0|0|0|0|1|0|0|0|0|0|0|1|1|0|1|3
515|5|"BABU' A. De Oliveira"|"Lecce"|1|2|0|0|0|0|0|0|0|0|0|0|0|0|0|0|0|0|0|0|0|0|1|1
516|5|"BACHINI Jonathan"|"Brescia"|1|2|0|0|0|0|0|0|0|0|0|0|0|0|0|0|0|0|0|0|0|0|1|11
517|5|"BAIOCCO Davide"|"Juventus"|0|2|0|0|0|0|0|0|0|0|0|0|0|0|0|0|0|0|0|0|0|0|1|3
518|5|"BARONE Simone"|"Palermo"|1|2|1|6.5|0|1|6.5|0|0|0|0|0|0|0|0|0|0|0|0|1|1|0|0|14
519|5|"BARONIO Roberto"|"Chievo"|1|2|1|9.5|0|1|7|1|0|0|0|0|1|0|0|0|0|0|0|1|1|0|0|9
520|5|"BERNARDINI Antonino"|"Atalanta"|1|2|1|6.5|0|1|6.5|0|0|0|0|0|0|0|0|0|0|0|0|1|1|0|0|5
521|5|"BINOTTO Jonatan"|"Bologna"|1|2|1|5.5|0|1|5.5|0|0|0|0|0|0|0|0|0|0|0|0|1|0|0|1|1
522|5|"BLASI Manuele"|"Juventus"|1|2|0|0|0|0|0|0|0|0|0|0|0|0|0|0|0|0|0|0|0|0|1|12
523|5|"BOLANO Correa Jorge Eladio"|"Parma"|1|2|1|4.5|0|1|5|0|0|0|0|0|1|0|0|0|0|0|0|1|0|0|0|6
524|5|"BOUDIANSKI Viktor"|"Reggina"|1|2|0|0|0|0|0|0|0|0|0|0|0|0|0|0|0|0|0|0|0|0|1|1
525|5|"BRAMBILLA Massimo"|"Cagliari"|1|2|1|5.5|0|1|5.5|0|0|0|0|0|0|0|0|0|0|0|0|1|1|0|0|8
526|5|"BRESCIANO Mark"|"Parma"|1|2|0|0|0|0|0|0|0|0|0|0|0|0|0|0|0|0|0|0|0|0|0|13
527|5|"BRIGHI Matteo"|"Chievo"|1|2|1|6.5|0|1|6.5|0|0|0|0|0|0|0|0|0|0|0|0|1|1|0|0|10
528|5|"BROCCHI Cristian"|"Milan"|1|2|0|0|0|0|0|0|0|0|0|0|0|0|0|0|0|0|0|1|0|0|0|3
529|5|"BUDEL Alessandro"|"Parma"|1|2|1|5|0|1|5|0|0|0|0|0|0|0|0|0|0|0|0|1|1|0|0|5
530|5|"CAMBIASSO Esteban"|"Inter"|1|2|1|9.5|0|1|7|1|0|0|0|0|1|0|0|0|0|0|0|1|1|0|1|10
531|5|"CAMORANESI Mauro"|"Juventus"|1|2|1|6|0|1|6|0|0|0|0|0|0|0|0|0|0|0|0|1|1|0|1|13
532|5|"CAMORANI Alfonso"|"Siena"|1|2|0|0|0|0|0|0|0|0|0|0|0|0|0|0|0|0|0|0|0|0|1|4
533|5|"CAMPOLO Sergio"|"Messina"|0|2|0|0|0|0|0|0|0|0|0|0|0|0|0|0|0|0|0|0|0|0|0|1
534|5|"CARRUS Davide"|"Fiorentina"|0|2|0|0|0|0|0|0|0|0|0|0|0|0|0|0|0|0|0|0|0|0|1|1
535|5|"CASSETTI Marco"|"Lecce"|1|2|1|5.5|0|1|5.5|0|0|0|0|0|0|0|0|0|0|0|0|1|1|0|1|13
536|5|"CESAR Rodriguez Aparecido"|"Lazio"|1|2|0|0|0|0|0|0|0|0|0|0|0|0|0|0|0|0|0|0|0|0|1|15
537|5|"CIARAMITARO Maurizio"|"Livorno"|0|2|0|0|0|0|0|0|0|0|0|0|0|0|0|0|0|0|0|0|0|0|1|3
538|5|"COLUCCI Leonardo"|"Bologna"|1|2|0|0|0|0|0|0|0|0|0|0|0|0|0|0|0|0|0|0|0|0|1|2
539|5|"CONTI Daniele"|"Cagliari"|1|2|0|0|0|0|0|0|0|0|0|0|0|0|0|0|0|0|0|1|0|0|0|4
540|5|"COPPOLA Carmine"|"Messina"|1|2|1|6.5|0|1|6.5|0|0|0|0|0|0|0|0|0|0|0|0|1|1|0|0|4
541|5|"CORINI Eugenio"|"Palermo"|1|2|1|6.5|0|1|6.5|0|0|0|0|0|0|0|0|0|0|0|0|1|1|0|0|20
542|5|"DABO Ousmane"|"Lazio"|1|2|1|5.5|0|1|5.5|0|0|0|0|0|0|0|0|0|0|0|0|1|0|0|1|5
543|5|"DACOURT Olivier"|"Roma"|1|2|0|0|0|0|0|0|0|0|0|0|0|0|0|0|0|0|0|1|0|0|0|16
544|5|"D'AGOSTINO Gaetano"|"Roma"|1|2|0|0|0|0|0|0|0|0|0|0|0|0|0|0|0|0|0|0|0|0|0|5
545|5|"DALLA BONA Samuele"|"Lecce"|1|2|1|5.5|0|1|6|0|0|0|0|0|1|0|0|0|0|0|0|1|1|0|1|12
546|5|"D'AVERSA Roberto"|"Siena"|1|2|0|0|0|0|0|0|0|0|0|0|0|0|0|0|0|0|0|0|0|0|1|6
547|5|"DAVIDS Edgar"|"Inter"|1|2|1|6.5|0|1|6.5|0|0|0|0|0|0|0|0|0|0|0|0|1|0|0|1|15
548|5|"DE ROSSI Daniele"|"Roma"|1|2|1|10|0|1|7|1|0|0|1|0|0|0|0|0|0|0|0|1|1|0|0|17
549|5|"DE VEZZE Daniele"|"Fiorentina"|0|2|0|0|0|0|0|0|0|0|0|0|0|0|0|0|0|0|0|0|0|0|1|2
550|5|"DEL NERO Simone"|"Brescia"|1|2|0|0|0|0|0|0|0|0|0|0|0|0|0|0|0|0|0|1|0|0|1|15
551|5|"DELNEVO Loris"|"Cagliari"|1|2|0|0|0|0|0|0|0|0|0|0|0|0|0|0|0|0|0|0|0|0|0|3
552|5|"DHORASOO Vikash"|"Milan"|1|2|0|0|0|0|0|0|0|0|0|0|0|0|0|0|0|0|0|0|0|0|0|4
553|5|"DI DONATO Daniele"|"Siena"|1|2|1|6|0|1|6|0|0|0|0|0|0|0|0|0|0|0|0|1|1|0|1|3
554|5|"DI LIVIO Angelo"|"Fiorentina"|1|2|0|0|0|0|0|0|0|0|0|0|0|0|0|0|0|0|0|0|0|0|1|2
555|5|"DIANA Aimo"|"Sampdoria"|1|2|1|9.5|0|1|6.5|1|0|0|0|0|0|0|0|0|0|0|0|1|1|0|0|15
556|5|"DIARRA Drissa"|"Lecce"|1|2|0|0|0|0|0|0|0|0|0|0|0|0|0|0|0|0|0|0|0|0|1|4
557|5|"DOGA Alessandro"|"Livorno"|1|2|0|0|0|0|0|0|0|0|0|0|0|0|0|0|0|0|0|0|0|0|1|2
558|5|"DONADEL Marco"|"Sampdoria"|1|2|0|0|0|0|0|0|0|0|0|0|0|0|0|0|0|0|0|0|0|0|0|9
559|5|"DONATI Massimo"|"Messina"|1|2|1|7|0|1|7|0|0|0|0|0|0|0|0|0|0|0|0|1|1|0|0|9
560|5|"DONI Cristiano"|"Sampdoria"|1|2|1|6|0|1|6|0|0|0|0|0|0|0|0|0|0|0|0|1|1|0|0|13
561|5|"EDUSEI Mark"|"Sampdoria"|1|2|0|0|0|0|0|0|0|0|0|0|0|0|0|0|0|0|0|0|0|0|0|1
562|5|"EMERSON Ferreira"|"Juventus"|1|2|1|6.5|0|1|6.5|0|0|0|0|0|0|0|0|0|0|0|0|1|1|0|1|29
563|5|"EMRE Belozoglu"|"Inter"|1|2|0|0|0|0|0|0|0|0|0|0|0|0|0|0|0|0|0|0|0|0|1|4
564|5|"EREMENKO Alexei"|"Lecce"|1|2|1|5.5|0|1|5.5|0|0|0|0|0|0|0|0|0|0|0|0|1|0|0|1|4
566|5|"MENEGAZZO Fernando"|"Siena"|1|2|0|0|0|0|0|0|0|0|0|0|0|0|0|0|0|0|0|1|0|0|1|5
567|5|"FILIPPINI Antonio"|"Lazio"|1|2|1|6|0|1|6|0|0|0|0|0|0|0|0|0|0|0|0|1|1|0|1|6
568|5|"FILIPPINI Emanuele"|"Lazio"|1|2|1|5.5|0|1|5.5|0|0|0|0|0|0|0|0|0|0|0|0|1|1|0|1|5
569|5|"FIUMICELLI Ernesto Luca"|"Brescia"|1|2|0|0|0|0|0|0|0|0|0|0|0|0|0|0|0|0|0|0|0|0|1|1
570|5|"FONTANA Gaetano"|"Fiorentina"|1|2|1|3.5|0|1|4.5|0|0|0|0|0|0|1|0|0|0|0|0|1|1|0|1|3
571|5|"FRANCESCHINI Daniele"|"Chievo"|1|2|1|6.5|0|1|6.5|0|0|0|0|0|0|0|0|0|0|0|0|1|1|0|0|8
572|5|"GASBARRONI Andrea"|"Palermo"|1|2|1|5.5|0|1|5.5|0|0|0|0|0|0|0|0|0|0|0|0|1|1|0|0|18
573|5|"GATTUSO Ivan Gennaro"|"Milan"|1|2|1|6|0|1|6|0|0|0|0|0|0|0|0|0|0|0|0|1|1|0|0|15
574|5|"GAUTIERI Carmine"|"Atalanta"|1|2|1|9.5|0|1|6.5|1|0|0|0|0|0|0|0|0|0|0|0|1|1|0|0|14
575|5|"GEMITI Giuseppe"|"Udinese"|0|2|0|0|0|0|0|0|0|0|0|0|0|0|0|0|0|0|0|0|0|0|0|1
576|5|"GENTILE Andrea"|"Messina"|0|2|0|0|0|0|0|0|0|0|0|0|0|0|0|0|0|0|0|0|0|0|0|2
577|5|"GIACOMAZZI Guillermo"|"Lecce"|1|2|1|6|0|1|6|0|0|0|0|0|0|0|0|0|0|0|0|1|1|0|1|10
578|5|"GIALLOMBARDO Andrea"|"Livorno"|1|2|0|0|0|0|0|0|0|0|0|0|0|0|0|0|0|0|0|0|0|0|1|8
579|5|"GIAMPA' Domenico"|"Messina"|1|2|1|6|0|1|6.5|0|0|0|0|0|1|0|0|0|0|0|0|1|1|0|0|7
580|5|"GIANNICHEDDA Giuliano"|"Lazio"|1|2|1|6|0|1|6|0|0|0|0|0|0|0|0|0|0|0|0|1|1|0|1|12
581|5|"GIUNTI Federico"|"Bologna"|1|2|1|5.5|0|1|6|0|0|0|0|0|1|0|0|0|0|0|0|1|1|0|1|7
582|5|"GOBBI Massimo"|"Cagliari"|1|2|1|6|0|1|6|0|0|0|0|0|0|0|0|0|0|0|0|1|1|0|0|9
583|5|"GRAUSO Claudio"|"Livorno"|1|2|0|0|0|0|0|0|0|0|0|0|0|0|0|0|0|0|0|0|0|0|1|3
584|5|"GUANA Roberto"|"Brescia"|1|2|1|6.5|0|1|6.5|0|0|0|0|0|0|0|0|0|0|0|0|1|1|0|1|1
585|5|"GUIGOU Gianni"|"Fiorentina"|1|2|0|0|0|0|0|0|0|0|0|0|0|0|0|0|0|0|0|0|0|0|1|5
586|5|"GULY Andres"|"Inter"|0|2|0|0|0|0|0|0|0|0|0|0|0|0|0|0|0|0|0|0|0|0|1|1
587|5|"HELGUERA Ivan"|"Fiorentina"|1|2|0|0|0|0|0|0|0|0|0|0|0|0|0|0|0|0|0|0|0|0|1|1
588|5|"JANKULOVSKI Marek"|"Udinese"|1|2|0|0|0|0|0|0|0|0|0|0|0|0|0|0|0|0|0|0|0|0|0|18
589|5|"JORGENSEN Martin"|"Fiorentina"|1|2|1|5|0|1|5|0|0|0|0|0|0|0|0|0|0|0|0|1|1|0|1|15
590|5|"JUNIOR Denilson de Souza"|"Parma"|0|2|0|0|0|0|0|0|0|0|0|0|0|0|0|0|0|0|0|0|0|0|0|2
591|5|"KAKA Ricardo"|"Milan"|1|2|1|10|0|1|7|1|0|1|0|0|0|0|0|0|0|0|0|1|1|0|0|36
592|5|"KAPO Olivier"|"Juventus"|1|2|0|0|0|0|0|0|0|0|0|0|0|0|0|0|0|0|0|0|0|0|1|8
593|5|"KARAGOUNIS Giorgios"|"Inter"|1|2|0|0|0|0|0|0|0|0|0|0|0|0|0|0|0|0|0|0|0|0|1|5
594|5|"KILY GONZALEZ"|"Inter"|1|2|0|0|0|0|0|0|0|0|0|0|0|0|0|0|0|0|0|0|0|0|1|5
595|5|"LAMOUCHI Sabri"|"Inter"|0|2|0|0|0|0|0|0|0|0|0|0|0|0|0|0|0|0|0|0|0|0|1|1
596|5|"LAVECCHIA Luigi"|"Messina"|0|2|0|0|0|0|0|0|0|0|0|0|0|0|0|0|0|0|0|0|0|0|0|2
597|5|"LEDESMA Christian"|"Lecce"|1|2|1|5.5|0|1|5.5|0|0|0|0|0|0|0|0|0|0|0|0|1|1|0|1|13
598|5|"LEON Julio Cesar"|"Reggina"|0|2|0|0|0|0|0|0|0|0|0|0|0|0|0|0|0|0|0|0|0|0|1|1
599|5|"LIMBERSKY David"|"Udinese"|1|2|0|0|0|0|0|0|0|0|0|0|0|0|0|0|0|0|0|0|0|0|0|1
600|5|"LIVERANI Fabio"|"Lazio"|1|2|1|5.5|0|1|5.5|0|0|0|0|0|0|0|0|0|0|0|0|1|1|0|1|10
601|5|"LOVISO Massimo"|"Bologna"|1|2|0|0|0|0|0|0|0|0|0|0|0|0|0|0|0|0|0|0|0|0|1|1
602|5|"LUCIANO"|"Chievo"|1|2|0|0|0|0|0|0|0|0|0|0|0|0|0|0|0|0|0|0|0|0|0|4
603|5|"MAGGIO Cristian"|"Fiorentina"|1|2|0|0|0|0|0|0|0|0|0|0|0|0|0|0|0|0|0|0|0|0|1|3
604|5|"MAMEDE Jose' Aleixo"|"Messina"|1|2|0|0|0|0|0|0|0|0|0|0|0|0|0|0|0|0|0|0|0|0|0|6
605|5|"MANCINI Amantino"|"Roma"|1|2|1|6.5|0|1|6.5|0|0|0|0|0|0|0|0|0|0|0|0|1|1|0|0|24
606|5|"MANNINI"|"Brescia"|1|2|0|0|0|0|0|0|0|0|0|0|0|0|0|0|0|0|0|1|0|0|1|6
607|5|"MARCHIONNI Marco"|"Parma"|1|2|1|7|0|1|7|0|0|0|0|0|0|0|0|0|0|0|0|1|1|0|0|15
608|5|"MARCOLINI Michele"|"Atalanta"|1|2|1|5.5|0|1|5.5|0|0|0|0|0|0|0|0|0|0|0|0|1|1|0|0|10
609|5|"MARESCA Enzo"|"Fiorentina"|1|2|0|0|0|0|0|0|0|0|0|0|0|0|0|0|0|0|0|0|0|0|1|17
610|5|"MARIANINI Francesco"|"Lecce"|1|2|0|0|0|0|0|0|0|0|0|0|0|0|0|0|0|0|0|0|0|0|1|11
611|5|"MESTO Giandomenico"|"Reggina"|1|2|1|7|0|1|7|0|0|0|0|0|0|0|0|0|0|0|0|1|1|0|1|9
612|5|"MINGAZZINI Nicola"|"Atalanta"|1|2|0|0|0|0|0|0|0|0|0|0|0|0|0|0|0|0|0|0|0|0|0|3
613|5|"MONTOLIVO Riccardo"|"Atalanta"|1|2|0|0|0|0|0|0|0|0|0|0|0|0|0|0|0|0|0|0|0|0|0|15
614|5|"MORFEO Domenico"|"Parma"|1|2|1|6|0|1|6|0|0|0|0|0|0|0|0|0|0|0|0|1|1|0|0|14
615|5|"MORRONE Stefano"|"Palermo"|1|2|0|0|0|0|0|0|0|0|0|0|0|0|0|0|0|0|0|0|0|0|0|3
616|5|"MOZART Junior Santos"|"Reggina"|1|2|1|6.5|0|1|6.5|0|0|0|0|0|0|0|0|0|0|0|0|1|1|0|1|7
617|5|"MUNTARI Sulley Ali"|"Udinese"|1|2|1|6|0|1|6.5|0|0|0|0|0|1|0|0|0|0|0|0|1|1|0|0|3
618|5|"MUTARELLI Massimo"|"Palermo"|1|2|0|0|0|0|0|0|0|0|0|0|0|0|0|0|0|0|0|1|0|0|0|4
619|5|"NAKAMURA Shunsuke"|"Reggina"|1|2|1|5.5|0|1|5.5|0|0|0|0|0|0|0|0|0|0|0|0|1|1|0|1|12
620|5|"NAKATA Hidetoshi"|"Fiorentina"|1|2|1|6|0|1|6|0|0|0|0|0|0|0|0|0|0|0|0|1|0|0|1|18
621|5|"NEDVED Pavel"|"Juventus"|1|2|1|6.5|0|1|6.5|0|0|0|0|0|0|0|0|0|0|0|0|1|1|0|1|29
622|5|"NERVO Carlo"|"Bologna"|1|2|1|6.5|0|1|6.5|0|0|0|0|0|0|0|0|0|0|0|0|1|1|0|1|10
623|5|"OBODO Chris"|"Fiorentina"|1|2|1|5.5|0|1|5.5|0|0|0|0|0|0|0|0|0|0|0|0|1|0|0|1|7
624|5|"OLIVERA Ruben"|"Juventus"|1|2|1|6|0|1|6|0|0|0|0|0|0|0|0|0|0|0|0|1|0|0|1|8
625|5|"PAGANO Biagio"|"Sampdoria"|1|2|0|0|0|0|0|0|0|0|0|0|0|0|0|0|0|0|0|0|0|0|0|1
626|5|"PALOMBO Angelo"|"Sampdoria"|1|2|1|6.5|0|1|6.5|0|0|0|0|0|0|0|0|0|0|0|0|1|1|0|0|5
627|5|"PANDEV Goran"|"Lazio"|1|2|1|6|0|1|6|0|0|0|0|0|0|0|0|0|0|0|0|1|0|0|1|8
628|5|"PAREDES Carlos Humberto"|"Reggina"|1|2|0|0|0|0|0|0|0|0|0|0|0|0|0|0|0|0|0|0|0|0|1|4
629|5|"PASSONI Dario"|"Livorno"|1|2|1|5.5|0|1|5.5|0|0|0|0|0|0|0|0|0|0|0|0|1|0|0|1|4
630|5|"PAZIENZA Michele"|"Udinese"|1|2|0|0|0|0|0|0|0|0|0|0|0|0|0|0|0|0|0|0|0|0|0|4
631|5|"PECCHIA Fabio"|"Siena"|1|2|0|0|0|0|0|0|0|0|0|0|0|0|0|0|0|0|0|0|0|0|1|6
632|5|"PERROTTA Simone"|"Roma"|1|2|1|6|0|1|6|0|0|0|0|0|0|0|0|0|0|0|0|1|1|0|0|13
633|5|"PIANGERELLI Luigi"|"Fiorentina"|1|2|1|6|0|1|6|0|0|0|0|0|0|0|0|0|0|0|0|1|1|0|1|3
634|5|"PIERI Mirko"|"Udinese"|1|2|0|0|0|0|0|0|0|0|0|0|0|0|0|0|0|0|0|1|0|0|0|1
635|5|"PINARDI Alex"|"Lecce"|1|2|1|5|0|1|5|0|0|0|0|0|0|0|0|0|0|0|0|1|1|0|1|7
636|5|"PINNA Sebastiano"|"Cagliari"|0|2|0|0|0|0|0|0|0|0|0|0|0|0|0|0|0|0|0|0|0|0|0|1
637|5|"PINZI Giampiero"|"Udinese"|1|2|1|5.5|0|1|5.5|0|0|0|0|0|0|0|0|0|0|0|0|1|1|0|0|7
638|5|"PIRLO Andrea"|"Milan"|1|2|1|6|0|1|6|0|0|0|0|0|0|0|0|0|0|0|0|1|1|0|0|25
639|5|"PIZARRO David Cortes"|"Udinese"|1|2|0|0|0|0|0|0|0|0|0|0|0|0|0|0|0|0|0|0|0|0|0|19
640|5|"REBECCHI Mario"|"Inter"|1|2|0|0|0|0|0|0|0|0|0|0|0|0|0|0|0|0|0|0|0|0|1|4
641|5|"ROSINA Alessandro"|"Parma"|1|2|1|5.5|0|1|5.5|0|0|0|0|0|0|0|0|0|0|0|0|1|0|0|0|3
642|5|"RUI COSTA Manuel"|"Milan"|1|2|1|6|0|1|6.5|0|0|0|0|0|1|0|0|0|0|0|0|1|1|0|0|13
643|5|"RUOTOLO Gennaro"|"Livorno"|1|2|1|6|0|1|6|0|0|0|0|0|0|0|0|0|0|0|0|1|1|0|1|1
644|5|"SANTANA Mario Alberto"|"Palermo"|1|2|1|6|0|1|6|0|0|0|0|0|0|0|0|0|0|0|0|1|1|0|0|16
645|5|"SCHOPP Markus"|"Brescia"|1|2|0|0|0|0|0|0|0|0|0|0|0|0|0|0|0|0|0|0|0|0|1|3
646|5|"SEEDORF Clarence"|"Milan"|1|2|1|6|0|1|6|0|0|0|0|0|0|0|0|0|0|0|0|1|0|0|0|16
647|5|"SEMIOLI Franco"|"Chievo"|1|2|1|5.5|0|1|6|0|0|0|0|0|1|0|0|0|0|0|0|1|1|0|0|16
648|5|"SERGINHO Claudio Santos"|"Milan"|1|2|0|0|0|0|0|0|0|0|0|0|0|0|0|0|0|0|0|0|0|0|0|5
649|5|"STANKOVIC Dejan"|"Inter"|1|2|1|6|0|1|6|0|0|0|0|0|0|0|0|0|0|0|0|1|1|0|1|26
650|5|"SULLO Salvatore"|"Messina"|1|2|0|0|0|0|0|0|0|0|0|0|0|0|0|0|0|0|0|0|0|0|0|7
651|5|"TACCHINARDI Alessio"|"Juventus"|1|2|0|0|0|0|0|0|0|0|0|0|0|0|0|0|0|0|0|0|0|0|1|6
652|5|"TADDEI Rodrigo"|"Siena"|1|2|0|0|0|0|0|0|0|0|0|0|0|0|0|0|0|0|0|0|0|0|1|14
653|5|"TEDESCO Giacomo"|"Reggina"|1|2|1|5.5|0|1|5.5|0|0|0|0|0|0|0|0|0|0|0|0|1|1|0|1|7
654|5|"TOLEDO Machado"|"Udinese"|0|2|0|0|0|0|0|0|0|0|0|0|0|0|0|0|0|0|0|0|0|0|0|3
655|5|"TOMMASI Damiano"|"Roma"|1|2|0|0|0|0|0|0|0|0|0|0|0|0|0|0|0|0|0|0|0|0|0|1
656|5|"VALDES Jaime"|"Fiorentina"|1|2|0|0|0|0|0|0|0|0|0|0|0|0|0|0|0|0|0|0|0|0|1|4
657|5|"VAN DER MEYDE Andy"|"Inter"|1|2|0|0|0|0|0|0|0|0|0|0|0|0|0|0|0|0|0|0|0|0|1|7
658|5|"VANNUCCHI Ighli"|"Palermo"|0|2|0|0|0|0|0|0|0|0|0|0|0|0|0|0|0|0|0|0|0|0|0|3
659|5|"VERGASSOLA Simone"|"Siena"|1|2|1|5|0|1|5|0|0|0|0|0|0|0|0|0|0|0|0|1|1|0|1|5
660|5|"VERON Juan Sebastian"|"Inter"|1|2|1|9|0|1|6.5|1|0|0|0|0|1|0|0|0|0|0|0|1|1|0|1|19
661|5|"VIDIGAL Da Cruz"|"Livorno"|1|2|1|6|0|1|6.5|0|0|0|0|0|1|0|0|0|0|0|0|1|1|0|1|6
662|5|"VIGIANI Luca"|"Livorno"|1|2|1|6|0|1|6|0|0|0|0|0|0|0|0|0|0|0|0|1|1|0|1|5
663|5|"VOLPI Sergio"|"Sampdoria"|1|2|1|5.5|0|1|6|0|0|0|0|0|1|0|0|0|0|0|0|1|1|0|0|11
664|5|"ZAGORAKIS Theodoros"|"Bologna"|1|2|0|0|0|0|0|0|0|0|0|0|0|0|0|0|0|0|0|0|0|0|1|16
665|5|"ZANCHETTA Andrea"|"Chievo"|1|2|0|0|0|0|0|0|0|0|0|0|0|0|0|0|0|0|0|0|0|0|0|4
666|5|"ZANETTI Cristiano"|"Inter"|1|2|0|0|0|0|0|0|0|0|0|0|0|0|0|0|0|0|0|1|0|0|1|5
667|5|"ZAULI Lamberto"|"Palermo"|1|2|0|0|0|0|0|0|0|0|0|0|0|0|0|0|0|0|0|0|0|0|0|6
668|5|"ZENONI Damiano"|"Atalanta"|1|2|1|5|0|1|5|0|0|0|0|0|0|0|0|0|0|0|0|1|0|0|0|9
669|5|"ZIVKOVIC Bratislav"|"Sampdoria"|1|2|0|0|0|0|0|0|0|0|0|0|0|0|0|0|0|0|0|0|0|0|0|1
670|5|"CORDOVA Nicolas"|"Livorno"|1|2|1|5.5|0|1|5.5|0|0|0|0|0|0|0|0|0|0|0|0|1|1|0|1|10
671|5|"GONZALES Mariano"|"Palermo"|1|2|0|0|0|0|0|0|0|0|0|0|0|0|0|0|0|0|0|0|0|0|0|6
672|5|"VERON Ricardo"|"Reggina"|1|2|0|0|0|0|0|0|0|0|0|0|0|0|0|0|0|0|0|0|0|0|1|2
673|5|"ABATE Ignazio"|"Milan"|0|2|0|0|0|0|0|0|0|0|0|0|0|0|0|0|0|0|0|0|0|0|0|1
674|5|"SIMPLICIO Fabio"|"Parma"|1|2|1|6|0|1|6.5|0|0|0|0|0|1|0|0|0|0|0|0|1|1|0|0|3
675|5|"DEFRANCESCHI Ivone"|"Chievo"|1|2|0|0|0|0|0|0|0|0|0|0|0|0|0|0|0|0|0|0|0|0|0|5
676|5|"GAMBADORI Alessandro"|"Livorno"|1|2|0|0|0|0|0|0|0|0|0|0|0|0|0|0|0|0|0|1|0|0|1|1
677|5|"RAIMONDI Cristian"|"Palermo"|1|2|1|6.5|0|1|6.5|0|0|0|0|0|0|0|0|0|0|0|0|1|0|0|0|5
678|5|"COLUCCI Giuseppe"|"Reggina"|1|2|1|5.5|0|1|5.5|0|0|0|0|0|0|0|0|0|0|0|0|1|1|0|1|10
679|5|"GRELLA Vincenzo"|"Parma"|1|2|1|5.5|0|1|5.5|0|0|0|0|0|0|0|0|0|0|0|0|1|1|0|0|7
680|5|"GONZALEZ Esteban"|"Lazio"|1|2|0|0|0|0|0|0|0|0|0|0|0|0|0|0|0|0|0|0|0|0|1|4
681|5|"MEA Miguel Angel"|"Lazio"|1|2|0|0|0|0|0|0|0|0|0|0|0|0|0|0|0|0|0|0|0|0|1|3
682|5|"TALAMONTI Leonardo"|"Lazio"|1|2|0|0|0|0|0|0|0|0|0|0|0|0|0|0|0|0|0|0|0|0|1|4
683|5|"ROBERT Bryan"|"Lazio"|1|2|0|0|0|0|0|0|0|0|0|0|0|0|0|0|0|0|0|0|0|0|1|4
684|5|"MAURI Stefano"|"Udinese"|1|2|1|5.5|0|1|6|0|0|0|0|0|1|0|0|0|0|0|0|1|1|0|0|8
685|5|"MILANETTO Omar"|"Brescia"|1|2|0|0|0|0|0|0|0|0|0|0|0|0|0|0|0|0|0|0|0|0|1|11
686|5|"ALLEGRETTI Riccardo"|"Chievo"|1|2|0|0|0|0|0|0|0|0|0|0|0|0|0|0|0|0|0|1|0|0|0|4
687|5|"DELLA MORTE Ivano"|"Siena"|0|2|0|0|0|0|0|0|0|0|0|0|0|0|0|0|0|0|0|0|0|0|1|7
688|5|"PERALTA Horacio"|"Cagliari"|1|2|0|0|0|0|0|0|0|0|0|0|0|0|0|0|0|0|0|0|0|0|0|4
689|5|"CUCCIARI Alessandro"|"Messina"|1|2|1|6|0|1|6|0|0|0|0|0|0|0|0|0|0|0|0|1|0|0|0|4
690|5|"ESPOSITO Gennaro"|"Siena"|1|2|0|0|0|0|0|0|0|0|0|0|0|0|0|0|0|0|0|0|0|0|1|2
801|5|"ADRIANO Leite Ribeiro"|"Inter"|1|3|1|6|0|1|6|0|0|0|0|0|0|0|0|0|0|0|0|1|1|0|1|53
802|5|"AMAURI Carvalho De O."|"Chievo"|1|3|1|6|0|1|6|0|0|0|0|0|0|0|0|0|0|0|0|1|1|0|0|7
804|5|"BAZZANI Fabio"|"Sampdoria"|1|3|1|6|0|1|6|0|0|0|0|0|0|0|0|0|0|0|0|1|1|0|0|33
805|5|"BELLUCCI Claudio"|"Bologna"|1|3|1|5.5|0|1|5.5|0|0|0|0|0|0|0|0|0|0|0|0|1|0|0|1|9
806|5|"BIANCHI Rolando"|"Cagliari"|1|3|0|0|0|0|0|0|0|0|0|0|0|0|0|0|0|0|0|0|0|0|0|4
807|5|"BILIOTTI Emiliano"|"Livorno"|0|3|0|0|0|0|0|0|0|0|0|0|0|0|0|0|0|0|0|0|0|0|1|3
808|5|"BOGDANI Erjon"|"Reggina"|0|3|0|0|0|0|0|0|0|0|0|0|0|0|0|0|0|0|0|0|0|0|1|7
809|5|"BOJINOV Valeri E."|"Lecce"|1|3|1|5|0|1|5|0|0|0|0|0|0|0|0|0|0|0|0|1|1|0|1|30
810|5|"BONAZZOLI Emiliano"|"Reggina"|1|3|1|5|0|1|5|0|0|0|0|0|0|0|0|0|0|0|0|1|1|0|1|21
811|5|"BORRIELLO Marco"|"Reggina"|1|3|1|6|0|1|6|0|0|0|0|0|0|0|0|0|0|0|0|1|0|0|1|20
812|5|"BRIENZA Franco"|"Palermo"|1|3|1|9.5|0|1|7|1|0|1|0|0|1|0|0|0|0|0|0|1|1|0|0|8
813|5|"BUDAN Igor"|"Atalanta"|1|3|1|5|0|1|5|0|0|0|0|0|0|0|0|0|0|0|0|1|1|0|0|11
814|5|"CAMMARATA Fabrizio"|"Cagliari"|0|3|0|0|0|0|0|0|0|0|0|0|0|0|0|0|0|0|0|0|0|0|0|4
815|5|"CAPONE Andrea"|"Cagliari"|0|3|0|0|0|0|0|0|0|0|0|0|0|0|0|0|0|0|0|0|0|0|0|5
816|5|"CARACCIOLO Andrea"|"Brescia"|1|3|1|9|0|1|6.5|1|0|0|0|0|1|0|0|0|0|0|0|1|1|0|1|27
817|5|"CASSANO Antonio"|"Roma"|1|3|1|5|0|1|5|0|0|0|0|0|0|0|0|0|0|0|0|1|1|0|0|36
818|5|"CERCI Alessio"|"Roma"|1|3|0|0|0|0|0|0|0|0|0|0|0|0|0|0|0|0|0|0|0|0|0|2
819|5|"CHIESA Enrico"|"Siena"|1|3|1|6.5|0|1|6.5|0|0|0|0|0|0|0|0|0|0|0|0|1|1|0|1|25
820|5|"CHIUMIENTO Davide"|"Siena"|1|3|1|6.5|0|1|6.5|0|0|0|0|0|0|0|0|0|0|0|0|1|0|0|1|5
821|5|"CIPRIANI Giacomo"|"Bologna"|1|3|0|0|0|0|0|0|0|0|0|0|0|0|0|0|0|0|0|0|0|0|1|17
822|5|"COLOMBO Corrado"|"Livorno"|1|3|0|0|0|0|0|0|0|0|0|0|0|0|0|0|0|0|0|0|0|0|1|16
823|5|"COMANDINI Gianni"|"Atalanta"|1|3|0|0|0|0|0|0|0|0|0|0|0|0|0|0|0|0|0|0|0|0|0|8
824|5|"CORVIA Daniele"|"Roma"|1|3|0|0|0|0|0|0|0|0|0|0|0|0|0|0|0|0|0|0|0|0|0|3
825|5|"COSSATO Federico"|"Chievo"|1|3|1|6|0|1|6|0|0|0|0|0|0|0|0|0|0|0|0|1|1|0|0|12
826|5|"CRESPO Hernan"|"Milan"|1|3|0|0|0|0|0|0|0|0|0|0|0|0|0|0|0|0|0|0|0|0|0|26
827|5|"CRUZ Julio Ricardo"|"Inter"|1|3|0|0|0|0|0|0|0|0|0|0|0|0|0|0|0|0|0|1|0|0|1|11
828|5|"DANILEVICIUS Tomas"|"Livorno"|1|3|0|0|0|0|0|0|0|0|0|0|0|0|0|0|0|0|0|0|0|0|1|4
829|5|"DEGANO Daniel"|"Parma"|1|3|1|6.5|0|1|6.5|0|0|0|0|0|0|0|0|0|0|0|0|1|0|0|0|3
830|5|"DEL PIERO Alessandro"|"Juventus"|1|3|0|0|0|0|0|0|0|0|0|0|0|0|0|0|0|0|0|0|0|0|1|33
831|5|"DELGADO Alfonso Roberto"|"Lazio"|1|3|0|0|0|0|0|0|0|0|0|0|0|0|0|0|0|0|0|0|0|0|1|2
832|5|"DELLA Rocca Luigi"|"Bologna"|0|3|0|0|0|0|0|0|0|0|0|0|0|0|0|0|0|0|0|0|0|0|1|8
833|5|"DELVECCHIO Marco"|"Roma"|1|3|0|0|0|0|0|0|0|0|0|0|0|0|0|0|0|0|0|0|0|0|0|14
834|5|"DI MICHELE David"|"Udinese"|1|3|1|4.5|0|1|5|0|0|0|0|0|1|0|0|0|0|0|0|1|0|0|0|18
835|5|"DI NAPOLI Arturo"|"Messina"|1|3|1|13.5|0|1|7.5|2|0|1|0|0|0|0|0|0|0|0|0|1|1|0|0|25
836|5|"DIONIGI Davide"|"Reggina"|1|3|0|0|0|0|0|0|0|0|0|0|1|0|0|0|0|0|0|1|0|0|1|19
837|5|"ESPOSITO Mauro"|"Cagliari"|1|3|1|4|0|1|5|0|0|0|0|0|0|1|0|0|0|0|0|1|1|0|0|21
838|5|"FANTINI Enrico"|"Fiorentina"|1|3|1|6|0|1|6|0|0|0|0|0|0|0|0|0|0|0|0|1|0|0|1|11
839|5|"FARIAS Ernesto"|"Palermo"|1|3|0|0|0|0|0|0|0|0|0|0|0|0|0|0|0|0|0|1|0|0|0|17
840|5|"FAVA Dino"|"Udinese"|1|3|0|0|0|0|0|0|0|0|0|0|0|0|0|0|0|0|0|1|0|0|0|25
841|5|"FLACHI Francesco"|"Sampdoria"|1|3|1|6.5|0|1|6.5|0|0|0|0|0|0|0|0|0|0|0|0|1|1|0|0|22
842|5|"FLO Tore Andre"|"Siena"|1|3|1|5|0|1|5|0|0|0|0|0|0|0|0|0|0|0|0|1|1|0|1|14
843|5|"GANCI Massimo"|"Reggina"|1|3|0|0|0|0|0|0|0|0|0|0|0|0|0|0|0|0|0|1|0|0|1|10
844|5|"GILARDINO Alberto"|"Parma"|1|3|1|5.5|0|1|5.5|0|0|0|0|0|0|0|0|0|0|0|0|1|1|0|0|50
845|5|"GRAFFIEDI Mattia"|"Siena"|1|3|1|5|0|1|5|0|0|0|0|0|0|0|0|0|0|0|0|1|1|0|1|5
846|5|"GRIECO Gaetano"|"Parma"|1|3|0|0|0|0|0|0|0|0|0|0|0|0|0|0|0|0|0|0|0|0|0|2
847|5|"IAQUINTA Vincenzo"|"Udinese"|1|3|1|5|0|1|5.5|0|0|0|0|0|1|0|0|0|0|0|0|1|1|0|0|18
848|5|"ILIEV Ivica"|"Messina"|1|3|1|6.5|0|1|6.5|0|0|0|0|0|0|0|0|0|0|0|0|1|1|0|0|17
849|5|"INACIO Pia' Joao Baptista"|"Atalanta"|1|3|1|6.5|0|1|5.5|0|0|0|0|1|0|0|0|0|0|0|0|1|1|0|0|16
850|5|"INZAGHI Filippo"|"Milan"|1|3|1|5.5|0|1|5.5|0|0|0|0|0|0|0|0|0|0|0|0|1|1|0|0|22
851|5|"INZAGHI Simone"|"Lazio"|1|3|0|0|0|0|0|0|0|0|0|0|0|0|0|0|0|0|0|0|0|0|1|23
852|5|"JOB Thomas Herve"|"Sampdoria"|0|3|0|0|0|0|0|0|0|0|0|0|0|0|0|0|0|0|0|0|0|0|0|2
853|5|"KONAN Alex Cedric"|"Lecce"|1|3|0|0|0|0|0|0|0|0|0|0|0|0|0|0|0|0|0|0|0|0|1|21
854|5|"KUTUZOV Vitali"|"Sampdoria"|1|3|1|6|0|1|6|0|0|0|0|0|0|0|0|0|0|0|0|1|0|0|0|8
855|5|"LANGELLA Antonio"|"Cagliari"|1|3|1|10|0|1|7|1|0|1|0|0|0|0|0|0|0|0|0|1|1|0|0|8
856|5|"LOCATELLI Tomas"|"Bologna"|1|3|1|5.5|0|1|5.5|0|0|0|0|0|0|0|0|0|0|0|0|1|1|0|1|16
857|5|"LUCARELLI Cristiano"|"Livorno"|1|3|1|5.5|0|1|6|0|0|0|0|0|1|0|0|0|0|0|0|1|1|0|1|23
858|5|"MANFREDINI Cristian"|"Lazio"|1|3|0|0|0|0|0|0|0|0|0|0|0|0|0|0|0|0|0|0|0|0|1|4
859|5|"MARCHESETTI Mattia"|"Chievo"|1|3|0|0|0|0|0|0|0|0|0|0|0|0|0|0|0|0|0|0|0|0|0|2
860|5|"MARTINS Obafemi"|"Inter"|1|3|1|5.5|0|1|5.5|0|0|0|0|0|0|0|0|0|0|0|0|1|1|0|1|23
861|5|"MEGHNI Mourad"|"Bologna"|1|3|1|6|0|1|6.5|0|0|0|0|0|1|0|0|0|0|0|0|1|1|0|1|12
862|5|"MICCOLI Fabrizio"|"Fiorentina"|1|3|1|5.5|0|1|5.5|0|0|0|0|0|0|0|0|0|0|0|0|1|1|0|1|21
863|5|"MONTELLA Vincenzo"|"Roma"|1|3|1|9|0|1|6.5|1|0|0|0|0|1|0|0|0|0|0|0|1|1|0|0|24
865|5|"MUZZI Roberto"|"Lazio"|1|3|1|8.5|0|1|6|1|0|0|1|0|1|0|0|0|0|0|0|1|1|0|1|20
866|5|"PAZZINI Giampaolo"|"Atalanta"|1|3|0|0|0|0|0|0|0|0|0|0|0|0|0|0|0|0|0|0|0|0|0|20
867|5|"PELLE' Graziano"|"Lecce"|1|3|0|0|0|0|0|0|0|0|0|0|0|0|0|0|0|0|0|0|0|0|1|2
868|5|"PELLISSIER Sergio"|"Chievo"|1|3|0|0|0|0|0|0|0|0|0|0|0|0|0|0|0|0|0|0|0|0|0|11
869|5|"PORTILLO Javier Garcia"|"Fiorentina"|1|3|1|5|0|1|5|0|0|0|0|0|0|0|0|0|0|0|0|1|1|0|1|23
870|5|"POZZI Nicola"|"Milan"|0|3|0|0|0|0|0|0|0|0|0|0|0|0|0|0|0|0|0|0|0|0|0|5
871|5|"PROTTI Igor"|"Livorno"|1|3|0|0|0|0|0|0|0|0|0|0|0|0|0|0|0|0|0|0|0|0|1|20
872|5|"RASIAK Grzegorz"|"Siena"|0|3|0|0|0|0|0|0|0|0|0|0|0|0|0|0|0|0|0|0|0|0|1|2
873|5|"RECOBA Alvaro"|"Inter"|1|3|1|10|0|1|6|1|0|0|0|1|0|0|0|0|0|0|0|1|1|0|1|23
874|5|"RIGANO' Cristian"|"Fiorentina"|1|3|0|0|0|0|0|0|0|0|0|0|0|0|0|0|0|0|0|0|0|0|1|17
875|5|"ROSSINI Fausto"|"Sampdoria"|1|3|1|9.5|0|1|6.5|1|0|1|0|0|0|0|0|0|0|0|0|1|0|0|0|9
876|5|"SAUDATI Luca"|"Atalanta"|1|3|0|0|0|0|0|0|0|0|0|0|0|0|0|0|0|0|0|0|0|0|0|13
877|5|"SCULLI Giuseppe"|"Brescia"|1|3|1|5.5|0|1|5.5|0|0|0|0|0|0|0|0|0|0|0|0|1|1|0|1|16
878|5|"SERAFINI Matteo"|"Siena"|1|3|0|0|0|0|0|0|0|0|0|0|0|0|0|0|0|0|0|0|0|0|1|5
879|5|"SHEVCHENKO Andrij"|"Milan"|1|3|1|15|0|1|8|2|0|0|0|1|0|0|0|0|0|0|0|1|1|0|0|56
880|5|"SONCIN Andrea"|"Fiorentina"|0|3|0|0|0|0|0|0|0|0|0|0|0|0|0|0|0|0|0|0|0|0|1|2
881|5|"SUAZO David Velazquez"|"Cagliari"|1|3|0|0|0|0|0|0|0|0|0|0|0|0|0|0|0|0|0|0|0|0|0|24
882|5|"TARE Igli"|"Bologna"|1|3|1|5|0|1|5|0|0|0|0|0|0|0|0|0|0|0|0|1|1|0|1|13
883|5|"TIRIBOCCHI Simone"|"Chievo"|1|3|1|9.5|0|1|6.5|1|0|1|0|0|0|0|0|0|0|0|0|1|0|0|0|17
884|5|"TOMASSON Jon Dahl"|"Milan"|1|3|1|6|0|1|6|0|0|0|0|0|0|0|0|0|0|0|0|1|0|0|0|18
885|5|"TONI Luca"|"Palermo"|1|3|1|6|0|1|6|0|0|0|0|0|0|0|0|0|0|0|0|1|1|0|0|31
886|5|"TOTTI Francesco"|"Roma"|1|3|1|10|0|1|7|1|0|0|0|0|0|0|0|0|0|0|0|1|1|0|0|42
887|5|"TREZEGUET David"|"Juventus"|1|3|1|5|0|1|5|0|0|0|0|0|0|0|0|0|0|0|0|1|1|0|1|45
888|5|"VENTOLA Nicola"|"Inter"|0|3|0|0|0|0|0|0|0|0|0|0|0|0|0|0|0|0|0|0|0|0|1|2
889|5|"VIERI Christian"|"Inter"|1|3|0|0|0|0|0|0|0|0|0|0|0|0|0|0|0|0|0|0|0|0|1|37
890|5|"VRYZAS Zisis"|"Fiorentina"|0|3|0|0|0|0|0|0|0|0|0|0|0|0|0|0|0|0|0|0|0|0|1|10
891|5|"VUCINIC Mirko"|"Lecce"|1|3|1|9|0|1|6|1|0|0|0|0|0|0|0|0|0|0|0|1|0|0|1|17
892|5|"VUGRINEC Davor"|"Atalanta"|0|3|0|0|0|0|0|0|0|0|0|0|0|0|0|0|0|0|0|0|0|0|0|4
893|5|"YANAGISAWA Atsushi"|"Messina"|1|3|0|0|0|0|0|0|0|0|0|0|0|0|0|0|0|0|0|0|0|0|0|8
894|5|"ZALAYETA Marcelo"|"Juventus"|1|3|1|10|0|1|7|1|0|1|0|0|0|0|0|0|0|0|0|1|0|0|1|7
895|5|"ZAMBRELLA Federico"|"Brescia"|1|3|0|0|0|0|0|0|0|0|0|0|0|0|0|0|0|0|0|0|0|0|1|4
896|5|"ZAMPAGNA Riccardo"|"Messina"|1|3|1|7.5|0|1|6.5|0|0|0|0|1|0|0|0|0|0|0|0|1|1|0|0|21
897|5|"ZANIOLO Igor"|"Messina"|0|3|0|0|0|0|0|0|0|0|0|0|0|0|0|0|0|0|0|0|0|0|0|8
898|5|"ZICU Ianis"|"Parma"|1|3|0|0|0|0|0|0|0|0|0|0|0|0|0|0|0|0|0|0|0|0|0|4
899|5|"ZOLA Gianfranco"|"Cagliari"|1|3|1|10|0|1|7|1|0|0|0|0|0|0|1|0|0|0|0|1|1|0|0|34
900|5|"DI CANIO Paolo"|"Lazio"|1|3|0|0|0|0|0|0|0|0|0|0|0|0|0|0|0|0|0|1|0|0|1|18
901|5|"CHOUTOS Lampros"|"Inter"|1|3|0|0|0|0|0|0|0|0|0|0|0|0|0|0|0|0|0|0|0|0|1|1
902|5|"JADID Abderrazzak"|"Brescia"|1|3|0|0|0|0|0|0|0|0|0|0|0|0|0|0|0|0|0|1|0|0|1|2
903|5|"BJELANOVIC Sasa"|"Lecce"|1|3|1|5|0|1|5|0|0|0|0|0|0|0|0|0|0|0|0|1|1|0|1|12
904|5|"SORRENTINO Tonino"|"Parma"|1|3|0|0|0|0|0|0|0|0|0|0|0|0|0|0|0|0|0|0|0|0|0|4
905|5|"NOMVETHE Siyabonga"|"Udinese"|0|3|0|0|0|0|0|0|0|0|0|0|0|0|0|0|0|0|0|0|0|0|0|5
906|5|"GOITOM Henok"|"Udinese"|1|3|0|0|0|0|0|0|0|0|0|0|0|0|0|0|0|0|0|0|0|0|0|2
907|5|"CARPARELLI Marco"|"Siena"|1|3|1|5|0|1|5|0|0|0|0|0|0|0|0|0|0|0|0|1|0|0|1|6
908|5|"DI PASQUALE Danilo"|"Brescia"|1|3|0|0|0|0|0|0|0|0|0|0|0|0|0|0|0|0|0|0|0|0|1|4
909|5|"LAZZARI Andrea"|"Atalanta"|1|3|1|6|0|1|6|0|0|0|0|0|0|0|0|0|0|0|0|1|0|0|0|6
910|5|"MACCARONE Massimo"|"Parma"|1|3|0|0|0|0|0|0|0|0|0|0|0|0|0|0|0|0|0|0|0|0|0|18
911|5|"SINIGAGLIA Davide"|"Reggina"|0|3|0|0|0|0|0|0|0|0|0|0|0|0|0|0|0|0|0|0|0|0|1|1
912|5|"DI NATALE Antonio"|"Udinese"|1|3|1|6|0|1|6|0|0|0|0|0|0|0|0|0|0|0|0|1|1|0|0|18
913|5|"IBRAHIMOVIC Zlatan"|"Juventus"|1|3|1|6|0|1|6|0|0|0|0|0|0|0|0|0|0|0|0|1|1|0|1|40
914|5|"MIDO Hossam"|"Roma"|1|3|1|6|0|1|6|0|0|0|0|0|0|0|0|0|0|0|0|1|0|0|0|28
915|5|"ROCCHI Tommaso"|"Lazio"|1|3|1|6.5|0|1|6.5|0|0|0|0|0|0|0|0|0|0|0|0|1|1|0|1|20
916|5|"AMORUSO Nicola"|"Messina"|1|3|1|9.5|0|1|6.5|1|0|0|0|0|0|0|1|0|0|0|0|1|0|0|0|18
917|5|"DE SOUSA"|"Lazio"|1|3|0|0|0|0|0|0|0|0|0|0|0|0|0|0|0|0|0|0|0|0|1|3
