101|14|"ABBIATI Christian"|"Milan"|1|0|0|0|0|0|0|0|0|0|0|0|0|0|0|0|0|0|0|0|0|0|1|4
102|14|"AGLIARDI Federico"|"Brescia"|1|0|0|0|0|0|0|0|0|0|0|0|0|0|0|0|0|0|0|0|0|0|1|4
103|14|"AMELIA Marco"|"Livorno"|1|0|1|2|0|1|5|0|3|0|0|0|0|0|0|1|0|0|0|1|1|0|1|12
104|14|"ANANIA Luca"|"Lecce"|1|0|0|0|0|0|0|0|0|0|0|0|0|0|0|0|0|0|0|0|0|0|0|4
105|14|"ANTONIOLI Francesco"|"Sampdoria"|1|0|1|6|0|1|7|0|1|0|0|0|0|0|0|1|0|0|0|1|1|0|1|20
106|14|"BELARDI Emanuele"|"Reggina"|0|0|0|0|0|0|0|0|0|0|0|0|0|0|0|0|0|0|0|0|0|0|0|3
107|14|"BERTI Gianluca"|"Parma"|1|0|0|0|0|0|0|0|0|0|0|0|0|0|0|0|0|0|0|0|0|0|0|4
108|14|"BIANCHI Emanuele"|"Sampdoria"|0|0|0|0|0|0|0|0|0|0|0|0|0|0|0|0|0|0|0|0|0|0|1|1
109|14|"BONAIUTI Adriano"|"Udinese"|1|0|0|0|0|0|0|0|0|0|0|0|0|0|0|0|0|0|0|0|0|0|0|1
110|14|"BONNEFOI Landry"|"Juventus"|1|0|0|0|0|0|0|0|0|0|0|0|0|0|0|0|0|0|0|0|0|0|0|1
111|14|"BUFFON Gianluigi"|"Juventus"|1|0|1|5|0|1|6|0|1|0|0|0|0|0|0|0|0|0|0|1|1|0|0|25
112|14|"CALDERONI Alex"|"Atalanta"|1|0|0|0|0|0|0|0|0|0|0|0|0|0|0|0|0|0|0|0|0|0|1|1
113|14|"CAPELLO Davide Ugo"|"Cagliari"|1|0|0|0|0|0|0|0|0|0|0|0|0|0|0|0|0|0|0|0|0|0|0|1
114|14|"CASAZZA Fabrizio"|"Lazio"|1|0|0|0|0|0|0|0|0|0|0|0|0|0|0|0|0|0|0|0|0|0|1|1
115|14|"CASTELLAZZI Luca"|"Brescia"|1|0|1|5|0|1|6|0|1|0|0|0|0|0|0|0|0|0|0|1|1|0|1|9
116|14|"CEJAS Christian S."|"Fiorentina"|1|0|0|0|0|0|0|0|0|0|0|0|0|0|0|0|0|0|0|0|0|0|0|3
117|14|"CHIMENTI Antonio"|"Juventus"|1|0|0|0|0|0|0|0|0|0|0|0|0|0|0|0|0|0|0|0|0|0|0|1
118|14|"COPPOLA Ferdinando"|"Reggina"|0|0|0|0|0|0|0|0|0|0|0|0|0|0|0|0|0|0|0|0|0|0|0|1
119|14|"CORDAZ Alex"|"Inter"|1|0|0|0|0|0|0|0|0|0|0|0|0|0|0|0|0|0|0|0|0|0|0|1
120|14|"DE SANCTIS Morgan"|"Udinese"|1|0|1|6.5|0|1|7|0|0|0|0|0|1|0|0|0|0|0|0|1|1|0|0|22
121|14|"DIDA Nelson de Jesus Silva"|"Milan"|1|0|1|5|0|1|6|0|1|0|0|0|0|0|0|0|0|0|0|1|1|0|1|24
122|14|"ELEFTHEROPOULOS Dimitris"|"Messina"|1|0|1|-1.5|0|1|5.5|0|5|0|0|0|0|0|0|0|0|0|1|1|1|0|1|7
123|14|"FIORI Valerio"|"Milan"|1|0|0|0|0|0|0|0|0|0|0|0|0|0|0|0|0|0|0|0|0|0|1|1
124|14|"FONTANA Alberto"|"Inter"|1|0|0|0|0|0|0|0|0|0|0|0|0|0|0|0|0|0|0|0|0|0|0|5
125|14|"FORTIN Marco"|"Siena"|1|0|1|5.5|0|1|6.5|0|1|0|0|0|0|0|0|0|0|0|0|1|1|0|1|10
126|14|"FREY Sebastien"|"Parma"|1|0|1|3.5|0|1|5.5|0|2|0|0|0|0|0|0|0|0|0|0|1|1|0|0|16
127|14|"GRECO Alessandro"|"Messina"|0|0|0|0|0|0|0|0|0|0|0|0|0|0|0|0|0|0|0|0|0|0|1|1
128|14|"IEZZO  Gennaro"|"Cagliari"|1|0|0|0|0|0|0|0|0|0|0|0|0|0|0|0|0|0|0|0|0|0|0|1
129|14|"KATERGIANNAKIS Theofanis"|"Cagliari"|1|0|1|4|0|1|6|0|2|0|0|0|0|0|0|0|0|0|0|1|1|0|0|13
130|14|"LIPPI Guido"|"Chievo"|0|0|0|0|0|0|0|0|0|0|0|0|0|0|0|0|0|0|0|0|0|0|1|1
131|14|"LUPATELLI Cristiano"|"Fiorentina"|1|0|1|6.5|0|1|6.5|0|0|0|0|0|0|0|0|0|0|0|0|1|1|0|0|15
132|14|"MANNINGER Alexander"|"Siena"|1|0|0|0|0|0|0|0|0|0|0|0|0|0|0|0|0|0|0|0|0|0|1|4
133|14|"MARCHEGIANI Luca"|"Chievo"|1|0|0|0|0|0|0|0|0|0|0|0|0|0|0|0|0|0|0|0|0|0|1|18
134|14|"MARCON Sergio"|"Chievo"|1|0|1|1|0|1|5|0|4|0|0|0|0|0|0|1|0|0|0|1|1|0|1|1
135|14|"MAREGGINI Gian Matteo"|"Livorno"|1|0|0|0|0|0|0|0|0|0|0|0|0|0|0|0|0|0|0|0|0|0|1|1
136|14|"PAGLIUCA Gianluca"|"Bologna"|1|0|1|5.5|0|1|6.5|0|1|0|0|0|0|0|0|0|0|0|0|1|1|0|1|19
137|14|"PANSERA Andrea"|"Bologna"|1|0|0|0|0|0|0|0|0|0|0|0|0|0|0|0|0|0|0|0|0|0|1|1
138|14|"PAVARINI Nicola"|"Reggina"|1|0|0|0|0|0|0|0|0|0|0|0|0|0|0|0|0|0|0|0|0|0|0|11
139|14|"PELIZZOLI Ivan"|"Roma"|1|0|1|5|0|1|6|0|1|0|0|0|0|0|0|0|0|0|0|1|1|0|0|16
140|14|"PERUZZI Angelo"|"Lazio"|1|0|0|0|0|0|0|0|0|0|0|0|0|0|0|0|0|0|0|0|0|0|1|10
141|14|"ROCCATI Marco"|"Fiorentina"|1|0|0|0|0|0|0|0|0|0|0|0|0|0|0|0|0|0|0|0|0|0|0|1
142|14|"ROSATI Antonio"|"Lecce"|1|0|0|0|0|0|0|0|0|0|0|0|0|0|0|0|0|0|0|0|0|0|0|1
143|14|"SANTONI Nicola"|"Palermo"|1|0|0|0|0|0|0|0|0|0|0|0|0|0|0|0|0|0|0|0|0|0|0|3
144|14|"SERENI Matteo"|"Lazio"|1|0|1|4|0|1|6|0|2|0|0|0|0|0|0|0|0|0|0|1|1|0|1|11
145|14|"SICIGNANO Vincenzo"|"Lecce"|1|0|1|4|0|1|6|0|2|0|0|0|0|0|0|0|0|0|0|1|1|0|0|12
146|14|"STORARI Marco"|"Messina"|1|0|0|0|0|0|0|0|0|0|0|0|0|0|0|0|0|0|0|0|0|0|1|4
147|14|"TAIBI Massimo"|"Atalanta"|1|0|1|5.5|0|1|6.5|0|1|0|0|0|0|0|0|0|0|0|0|1|1|0|1|14
148|14|"TOLDO Francesco"|"Inter"|1|0|1|4.5|0|1|5.5|0|0|0|0|0|0|1|0|0|0|0|0|1|1|0|0|13
149|14|"TURCI Luigi"|"Sampdoria"|1|0|0|0|0|0|0|0|0|0|0|0|0|0|0|0|0|0|0|0|0|0|1|1
150|14|"VANIN Giordano"|"Parma"|1|0|0|0|0|0|0|0|0|0|0|0|0|0|0|0|0|0|0|0|0|0|0|1
151|14|"ZANCOPE' Adriano"|"Siena"|1|0|0|0|0|0|0|0|0|0|0|0|0|0|0|0|0|0|0|0|0|0|1|1
152|14|"ZOTTI Carlo"|"Roma"|1|0|0|0|0|0|0|0|0|0|0|0|0|0|0|0|0|0|0|0|0|0|0|1
153|14|"LEJSAL Martin"|"Reggina"|0|0|0|0|0|0|0|0|0|0|0|0|0|0|0|0|0|0|0|0|0|0|0|1
154|14|"SOVIERO Salvatore"|"Reggina"|1|0|1|2|0|1|5|0|3|0|0|0|0|0|0|0|0|0|0|1|1|0|0|6
155|14|"GUARDALBEN Matteo"|"Palermo"|1|0|1|10|0|1|7|0|0|0|0|0|0|0|0|1|1|0|0|1|1|0|0|19
156|14|"HANDANOVIC Samir"|"Udinese"|1|0|0|0|0|0|0|0|0|0|0|0|0|0|0|0|0|0|0|0|0|0|0|1
157|14|"CARINI Fabian"|"Inter"|1|0|1|10|0|1|7|0|0|0|0|0|0|0|0|1|1|0|0|1|0|0|0|1
158|14|"COMI Paolo"|"Palermo"|1|0|0|0|0|0|0|0|0|0|0|0|0|0|0|0|0|0|0|0|0|0|0|1
159|14|"CURCI Gianluca"|"Roma"|1|0|0|0|0|0|0|0|0|0|0|0|0|0|0|0|0|0|0|0|0|0|0|1
160|14|"PADELLI"|"Sampdoria"|1|0|0|0|0|0|0|0|0|0|0|0|0|0|0|0|0|0|0|0|0|0|1|1
161|14|"CODOGNOLA Paolo"|"Chievo"|1|0|0|0|0|0|0|0|0|0|0|0|0|0|0|0|0|0|0|0|0|0|1|1
162|14|"MAZZONI Luca"|"Livorno"|1|0|0|0|0|0|0|0|0|0|0|0|0|0|0|0|0|0|0|0|0|0|1|1
163|14|"CAGLIONI Nicholas"|"Atalanta"|1|0|0|0|0|0|0|0|0|0|0|0|0|0|0|0|0|0|0|0|0|0|1|1
164|14|"MARZI Alberto"|"Bologna"|0|0|0|0|0|0|0|0|0|0|0|0|0|0|0|0|0|0|0|0|0|0|1|1
165|14|"GIRELLI Livio"|"Brescia"|1|0|0|0|0|0|0|0|0|0|0|0|0|0|0|0|0|0|0|0|0|0|1|1
166|14|"MARINO Pietro"|"Reggina"|1|0|0|0|0|0|0|0|0|0|0|0|0|0|0|0|0|0|0|0|0|0|0|1
167|14|"FERRON Fabrizio"|"Bologna"|1|0|0|0|0|0|0|0|0|0|0|0|0|0|0|0|0|0|0|0|0|0|1|1
168|14|"SANTORO Giuseppe"|"Messina"|0|0|0|0|0|0|0|0|0|0|0|0|0|0|0|0|0|0|0|0|0|0|1|1
169|14|"SORRISO Raffaele"|"Messina"|1|0|0|0|0|0|0|0|0|0|0|0|0|0|0|0|0|0|0|0|0|0|0|1
201|14|"ABRUZZESE Giuseppe"|"Lecce"|1|1|0|0|0|0|0|0|0|0|0|0|0|0|0|0|0|0|0|0|0|0|0|3
202|14|"ACCARDI Piero"|"Palermo"|1|1|0|0|0|0|0|0|0|0|0|0|0|0|0|0|0|0|0|0|0|0|0|1
203|14|"ACCURSI Salvatore"|"Messina"|0|1|0|0|0|0|0|0|0|0|0|0|0|0|0|0|0|0|0|0|0|0|1|1
204|14|"ADANI Daniele"|"Brescia"|1|1|0|0|0|0|0|0|0|0|0|0|0|0|0|0|0|0|0|1|0|0|1|4
205|14|"AGOSTINI Alessandro"|"Cagliari"|1|1|1|6|0|1|6|0|0|0|0|0|0|0|0|0|0|0|0|1|1|0|0|7
206|14|"ALVAREZ Edgar Anthony"|"Cagliari"|1|1|0|0|0|0|0|0|0|0|0|0|0|0|0|0|0|0|0|1|0|0|0|2
207|14|"AQUILANTI Antonio"|"Fiorentina"|1|1|0|0|0|0|0|0|0|0|0|0|0|0|0|0|0|0|0|0|0|0|0|1
208|14|"ARONICA Salvatore"|"Messina"|1|1|1|4.5|0|1|4.5|0|0|0|0|0|0|0|0|0|0|0|0|1|1|0|1|1
210|14|"BAGGIO Dino"|"Lazio"|1|1|0|0|0|0|0|0|0|0|0|0|0|0|0|0|0|0|0|0|0|0|1|2
211|14|"BALESTRI Jacopo"|"Reggina"|1|1|1|5|0|1|5|0|0|0|0|0|0|0|0|0|0|0|0|1|1|0|0|5
212|14|"BALLERI David"|"Livorno"|1|1|1|6|0|1|6|0|0|0|0|0|0|0|0|0|0|0|0|1|1|0|1|5
213|14|"BARZAGLI Andrea"|"Palermo"|1|1|1|5.5|0|1|5.5|0|0|0|0|0|0|0|0|0|0|0|0|1|1|0|0|12
214|14|"BELLINI Giampaolo"|"Atalanta"|1|1|1|5.5|0|1|5.5|0|0|0|0|0|0|0|0|0|0|0|0|1|1|0|1|6
215|14|"BERTOTTO Valerio"|"Udinese"|1|1|1|6|0|1|6|0|0|0|0|0|0|0|0|0|0|0|0|1|1|0|0|6
216|14|"BIAVA Giuseppe"|"Palermo"|1|1|1|5|0|1|5.5|0|0|0|0|0|1|0|0|0|0|0|0|1|1|0|0|8
217|14|"BIRINDELLI Alessandro"|"Juventus"|1|1|0|0|0|0|0|0|0|0|0|0|0|0|0|0|0|0|0|0|0|0|0|4
218|14|"BONERA Daniele"|"Parma"|1|1|1|6.5|0|1|6.5|0|0|0|0|0|0|0|0|0|0|0|0|1|1|0|0|10
219|14|"BONOMI Simone"|"Siena"|0|1|0|0|0|0|0|0|0|0|0|0|0|0|0|0|0|0|0|0|0|0|1|2
220|14|"BOVO Cesare"|"Parma"|1|1|0|0|0|0|0|0|0|0|0|0|0|0|0|0|0|0|0|0|0|0|0|4
221|14|"BURDISSO Nicolas Andres"|"Inter"|1|1|0|0|0|0|0|0|0|0|0|0|0|0|0|0|0|0|0|0|0|0|0|4
222|14|"CAFU Marcos"|"Milan"|1|1|1|5.5|0|1|5.5|0|0|0|0|0|0|0|0|0|0|0|0|1|1|0|1|10
223|14|"CANDELA Vincent"|"Roma"|1|1|0|0|0|0|0|0|0|0|0|0|0|0|0|0|0|0|0|1|0|0|0|3
224|14|"CANNARSA Juri"|"Reggina"|1|1|0|0|0|0|0|0|0|0|0|0|0|0|0|0|0|0|0|0|0|0|0|6
225|14|"CANNAVARO Fabio"|"Juventus"|1|1|1|6.5|0|1|6.5|0|0|0|0|0|0|0|0|0|0|0|0|1|1|0|0|14
226|14|"CANNAVARO Paolo"|"Parma"|1|1|1|6|0|1|6|0|0|0|0|0|0|0|0|0|0|0|0|1|1|0|0|9
227|14|"CAPUANO Ciro"|"Bologna"|1|1|0|0|0|0|0|0|0|0|0|0|0|0|0|0|0|0|0|0|0|0|1|3
228|14|"CARDONE Giuseppe"|"Parma"|1|1|0|0|0|0|0|0|0|0|0|0|0|0|0|0|0|0|0|1|0|0|0|3
229|14|"CARROZZIERI Morris"|"Sampdoria"|1|1|0|0|0|0|0|0|0|0|0|0|0|0|0|0|0|0|0|0|0|0|1|4
230|14|"CASTELLINI Marcello"|"Sampdoria"|1|1|1|6|0|1|6|0|0|0|0|0|0|0|0|0|0|0|0|1|1|0|1|6
231|14|"CESAR Vinicio Cervo de Luca"|"Chievo"|1|1|1|5|0|1|5|0|0|0|0|0|0|0|0|0|0|0|0|1|1|0|1|1
232|14|"CHIELLINI Giorgio"|"Fiorentina"|1|1|1|6.5|0|1|6.5|0|0|0|0|0|0|0|0|0|0|0|0|1|1|0|0|8
233|14|"CHIVU Cristian"|"Roma"|1|1|0|0|0|0|0|0|0|0|0|0|0|0|0|0|0|0|0|0|0|0|0|4
234|14|"CIRILLO Bruno"|"Siena"|1|1|1|5.5|0|1|5.5|0|0|0|0|0|0|0|0|0|0|0|0|1|1|0|1|3
235|14|"COCO Francesco"|"Inter"|1|1|0|0|0|0|0|0|0|0|0|0|0|0|0|0|0|0|0|0|0|0|0|3
236|14|"COLONNESE Francesco"|"Siena"|1|1|0|0|0|0|0|0|0|0|0|0|0|0|0|0|0|0|0|0|0|0|1|4
237|14|"CONTE Mirko"|"Messina"|1|1|0|0|0|0|0|0|0|0|0|0|0|0|0|0|0|0|0|0|0|0|1|5
238|14|"CONTEH Kewullay"|"Palermo"|1|1|0|0|0|0|0|0|0|0|0|0|0|0|0|0|0|0|0|0|0|0|0|2
239|14|"CONTINI Matteo"|"Parma"|1|1|1|5.5|0|1|5.5|0|0|0|0|0|0|0|0|0|0|0|0|1|1|0|0|1
240|14|"CORDOBA Ivan Ramiro"|"Inter"|1|1|1|7|0|1|7|0|0|0|0|0|0|0|0|0|0|0|0|1|1|0|0|9
241|14|"COSTACURTA Alessandro"|"Milan"|1|1|0|0|0|0|0|0|0|0|0|0|0|0|0|0|0|0|0|0|0|0|1|4
242|14|"CUFRE' Leandro"|"Roma"|1|1|1|6|0|1|6|0|0|0|0|0|0|0|0|0|0|0|0|1|1|0|0|5
243|14|"DAINELLI Dario"|"Fiorentina"|1|1|1|5.5|0|1|6|0|0|0|0|0|1|0|0|0|0|0|0|1|1|0|0|10
244|14|"DAINO Daniele"|"Bologna"|1|1|0|0|0|0|0|0|0|0|0|0|0|0|0|0|0|0|0|0|0|0|1|4
245|14|"D'ANNA Lorenzo"|"Chievo"|1|1|0|0|0|0|0|0|0|0|0|0|0|0|0|0|0|0|0|0|0|0|1|7
246|14|"DE ROSA Gaetano"|"Reggina"|1|1|1|5|0|1|5|0|0|0|0|0|0|0|0|0|0|0|0|1|1|0|0|4
247|14|"DE VACA José"|"Udinese"|1|1|0|0|0|0|0|0|0|0|0|0|0|0|0|0|0|0|0|0|0|0|0|1
248|14|"DELLAS Traianos"|"Roma"|1|1|1|6|0|1|6|0|0|0|0|0|0|0|0|0|0|0|0|1|1|0|0|6
249|14|"DELLI CARRI Daniele"|"Fiorentina"|1|1|1|6|0|1|6|0|0|0|0|0|0|0|0|0|0|0|0|1|0|0|0|4
250|14|"DI BIAGIO Luigi"|"Brescia"|1|1|1|8|0|1|7|0|0|0|0|1|0|0|0|0|0|0|0|1|1|0|1|14
251|14|"DIAMOUTENE Seuleyman"|"Lecce"|1|1|1|4.5|0|1|5|0|0|0|0|0|1|0|0|0|0|0|0|1|1|0|0|3
252|14|"DOMIZZI Maurizio"|"Brescia"|1|1|0|0|0|0|0|0|0|0|0|0|0|0|0|0|0|0|0|1|0|0|1|7
253|14|"ESTEVES Ricardo"|"Reggina"|1|1|0|0|0|0|0|0|0|0|0|0|0|0|0|0|0|0|0|0|0|0|0|1
254|14|"FALCONE Giulio"|"Sampdoria"|1|1|1|6|0|1|6|0|0|0|0|0|0|0|0|0|0|0|0|1|1|0|1|11
255|14|"FALSINI Gianluca"|"Siena"|1|1|1|5.5|0|1|5.5|0|0|0|0|0|0|0|0|0|0|0|0|1|1|0|1|6
256|14|"FANUCCI Stefano"|"Livorno"|0|1|0|0|0|0|0|0|0|0|0|0|0|0|0|0|0|0|0|0|0|0|1|1
257|14|"FAVALLI Giuseppe"|"Inter"|1|1|1|7.5|0|1|6.5|0|0|0|0|1|0|0|0|0|0|0|0|1|1|0|0|12
258|14|"FELIPE"|"Udinese"|1|1|1|6|0|1|6|0|0|0|0|0|0|0|0|0|0|0|0|1|1|0|0|3
259|14|"FERRARA Ciro"|"Juventus"|1|1|0|0|0|0|0|0|0|0|0|0|0|0|0|0|0|0|0|0|0|0|0|4
260|14|"FERRARI Matteo"|"Roma"|1|1|1|6|0|1|6|0|0|0|0|0|0|0|0|0|0|0|0|1|1|0|0|9
261|14|"FERRI Michele"|"Palermo"|1|1|0|0|0|0|0|0|0|0|0|0|0|0|0|0|0|0|0|0|0|0|0|1
262|14|"FERRONETTI Damiano"|"Parma"|1|1|1|6|0|1|6|0|0|0|0|0|0|0|0|0|0|0|0|1|1|0|0|3
263|14|"FOGLIO Paolo"|"Siena"|1|1|0|0|0|0|0|0|0|0|0|0|0|0|0|0|0|0|0|0|0|0|1|1
264|14|"FRANCESCHINI Ivan"|"Reggina"|1|1|1|4.5|0|1|4.5|0|0|0|0|0|0|0|0|0|0|0|0|1|1|0|0|7
265|14|"FUSCO Luca"|"Messina"|1|1|0|0|0|0|0|0|0|0|0|0|0|0|0|0|0|0|0|0|0|0|1|4
266|14|"GAMARRA Carlos Alberto"|"Inter"|1|1|0|0|0|0|0|0|0|0|0|0|0|0|0|0|0|0|0|0|0|0|0|2
267|14|"GAMBERINI Alessandro"|"Bologna"|1|1|1|5.5|0|1|6|0|0|0|0|0|1|0|0|0|0|0|0|1|1|0|1|1
268|14|"GASTALDELLO Daniele"|"Chievo"|0|1|0|0|0|0|0|0|0|0|0|0|0|0|0|0|0|0|0|0|0|0|1|3
269|14|"GONNELLA Natale"|"Atalanta"|1|1|0|0|0|0|0|0|0|0|0|0|0|0|0|0|0|0|0|0|0|0|1|5
270|14|"GRANDONI Alessandro"|"Livorno"|1|1|0|0|0|0|0|0|0|0|0|0|0|0|0|0|0|0|0|0|0|0|1|5
271|14|"GROSSO Fabio"|"Palermo"|1|1|1|6|0|1|6|0|0|0|0|0|0|0|0|0|0|0|0|1|1|0|0|13
272|14|"INNOCENTI Duccio"|"Atalanta"|1|1|1|5|0|1|5.5|0|0|0|0|0|1|0|0|0|0|0|0|1|1|0|1|4
273|14|"IULIANO Mark"|"Juventus"|1|1|0|0|0|0|0|0|0|0|0|0|0|0|0|0|0|0|0|0|0|0|0|4
274|14|"JUAREZ De Souza"|"Bologna"|1|1|0|0|0|0|0|0|0|0|0|0|0|0|0|0|0|0|0|0|0|0|1|5
275|14|"KALADZE Kakha"|"Milan"|1|1|0|0|0|0|0|0|0|0|0|0|0|0|0|0|0|0|0|0|0|0|1|6
276|14|"KROLDRUP Per"|"Udinese"|1|1|0|0|0|0|0|0|0|0|0|0|0|0|0|0|0|0|0|0|0|0|0|10
277|14|"LANNA Salvatore"|"Chievo"|1|1|1|5|0|1|5|0|0|0|0|0|0|0|0|0|0|0|0|1|1|0|1|8
278|14|"LANZARO Maurizio"|"Roma"|0|1|0|0|0|0|0|0|0|0|0|0|0|0|0|0|0|0|0|0|0|0|0|2
279|14|"LEGROTTAGLIE Nicola"|"Juventus"|1|1|0|0|0|0|0|0|0|0|0|0|0|0|0|0|0|0|0|0|0|0|0|3
280|14|"LOPEZ Diego"|"Cagliari"|1|1|0|0|0|0|0|0|0|0|0|0|0|0|0|0|0|0|0|0|0|0|0|6
281|14|"LORENZI Stefano"|"Atalanta"|0|1|0|0|0|0|0|0|0|0|0|0|0|0|0|0|0|0|0|0|0|0|1|4
282|14|"LORIA Simone"|"Cagliari"|1|1|0|0|0|0|0|0|0|0|0|0|0|0|0|0|0|0|0|0|0|0|0|6
283|14|"LUCARELLI Alessandro"|"Livorno"|1|1|1|5|0|1|5|0|0|0|0|0|0|0|0|0|0|0|0|1|1|0|1|6
284|14|"MALAGO' Marco"|"Chievo"|1|1|1|4.5|0|1|4.5|0|0|0|0|0|0|0|0|0|0|0|0|1|1|0|1|1
285|14|"MALDINI Paolo"|"Milan"|1|1|1|6|0|1|6|0|0|0|0|0|0|0|0|0|0|0|0|1|1|0|1|17
286|14|"MALTAGLIATI Roberto"|"Cagliari"|1|1|1|6|0|1|6|0|0|0|0|0|0|0|0|0|0|0|0|1|1|0|0|6
287|14|"MANDELLI Davide"|"Chievo"|1|1|1|4|0|1|4.5|0|0|0|0|0|1|0|0|0|0|0|0|1|1|0|1|8
288|14|"MANFREDINI Thomas"|"Udinese"|0|1|0|0|0|0|0|0|0|0|0|0|0|0|0|0|0|0|0|0|0|0|0|3
289|14|"MARECO Victor Hugo"|"Brescia"|1|1|1|6|0|1|6|0|0|0|0|0|0|0|0|0|0|0|0|1|1|0|1|5
290|14|"MARTINEZ George"|"Reggina"|0|1|0|0|0|0|0|0|0|0|0|0|0|0|0|0|0|0|0|0|0|0|0|1
291|14|"MARTINEZ VIDAL Gilberto"|"Brescia"|1|1|1|9.5|0|1|6.5|1|0|1|0|0|0|0|0|0|0|0|0|1|1|0|1|10
292|14|"MATERAZZI Marco"|"Inter"|1|1|0|0|0|0|0|0|0|0|0|0|0|0|0|0|0|0|0|0|0|0|0|14
293|14|"MELARA Matteo"|"Livorno"|1|1|1|5.5|0|1|6|0|0|0|0|0|1|0|0|0|0|0|0|1|1|0|1|7
294|14|"MENSAH John"|"Chievo"|1|1|0|0|0|0|0|0|0|0|0|0|0|0|0|0|0|0|0|0|0|0|1|1
295|14|"MEXES Philippe"|"Roma"|1|1|0|0|0|0|0|0|0|0|0|0|0|0|0|0|0|0|0|0|0|0|0|14
296|14|"MICOLUCCI Vittorio"|"Udinese"|0|1|0|0|0|0|0|0|0|0|0|0|0|0|0|0|0|0|0|0|0|0|0|1
297|14|"MIGNANI Michele"|"Siena"|1|1|0|0|0|0|0|0|0|0|0|0|0|0|0|0|0|0|0|0|0|0|1|4
298|14|"MIHAJLOVIC Sinisa"|"Inter"|1|1|1|7|0|1|7|0|0|0|0|0|0|0|0|0|0|0|0|1|1|0|0|10
299|14|"MINELLI Mauro"|"Atalanta"|1|1|0|0|0|0|0|0|0|0|0|0|0|0|0|0|0|0|0|0|0|0|1|3
300|14|"MONTERO Paolo"|"Juventus"|1|1|0|0|0|0|0|0|0|0|0|0|0|0|0|0|0|0|0|0|0|0|0|3
301|14|"MORO Fabio"|"Chievo"|1|1|1|5|0|1|5|0|0|0|0|0|0|0|0|0|0|0|0|1|1|0|1|5
302|14|"NASTASE Valentin V."|"Bologna"|1|1|1|5.5|0|1|6|0|0|0|0|0|1|0|0|0|0|0|0|1|1|0|1|4
303|14|"NATALI Cesare"|"Atalanta"|1|1|1|6.5|0|1|6.5|0|0|0|0|0|0|0|0|0|0|0|0|1|1|0|1|12
304|14|"NEGRO Paolo"|"Lazio"|1|1|0|0|0|0|0|0|0|0|0|0|0|0|0|0|0|0|0|0|0|0|1|4
305|14|"NESTA Alessandro"|"Milan"|1|1|1|5.5|0|1|5.5|0|0|0|0|0|0|0|0|0|0|0|0|1|1|0|1|19
306|14|"ODDO Massimo"|"Lazio"|1|1|1|5.5|0|1|5.5|0|0|0|0|0|0|0|0|0|0|0|0|1|1|0|1|13
307|14|"OYOLA Gabriel Gaston"|"Parma"|0|1|0|0|0|0|0|0|0|0|0|0|0|0|0|0|0|0|0|0|0|0|0|1
308|14|"PACI Massimo"|"Lecce"|1|1|0|0|0|0|0|0|0|0|0|0|0|0|0|0|0|0|0|0|0|0|0|4
309|14|"PANCARO Giuseppe"|"Milan"|1|1|1|5|0|1|5|0|0|0|0|0|0|0|0|0|0|0|0|1|1|0|1|8
310|14|"PANUCCI Christian"|"Roma"|1|1|1|6|0|1|6|0|0|0|0|0|0|0|0|0|0|0|0|1|1|0|0|10
311|14|"PARISI Alessandro"|"Messina"|1|1|1|5|0|1|5|0|0|0|0|0|0|0|0|0|0|0|0|1|1|0|1|16
312|14|"PASQUALE Giovanni"|"Inter"|1|1|0|0|0|0|0|0|0|0|0|0|0|0|0|0|0|0|0|0|0|0|0|1
313|14|"PAVAN Simone"|"Sampdoria"|1|1|0|0|0|0|0|0|0|0|0|0|0|0|0|0|0|0|0|0|0|0|1|1
314|14|"PERNA Armando"|"Livorno"|0|1|0|0|0|0|0|0|0|0|0|0|0|0|0|0|0|0|0|0|0|0|1|1
315|14|"PESARESI Emanuele"|"Chievo"|1|1|0|0|0|0|0|0|0|0|0|0|0|0|0|0|0|0|0|0|0|0|1|1
316|14|"PESSOTTO Gianluca"|"Juventus"|1|1|0|0|0|0|0|0|0|0|0|0|0|0|0|0|0|0|0|0|0|0|0|6
317|14|"PETRUZZI Fabio"|"Bologna"|1|1|1|6|0|1|6.5|0|0|0|0|0|1|0|0|0|0|0|0|1|1|0|1|11
318|14|"PFERTZEL Marc"|"Livorno"|1|1|0|0|0|0|0|0|0|0|0|0|0|0|0|0|0|0|0|0|0|0|1|6
319|14|"PICCOLO Felice"|"Reggina"|1|1|0|0|0|0|0|0|0|0|0|0|0|0|0|0|0|0|0|0|0|0|0|3
320|14|"PIERINI Alessandro"|"Udinese"|0|1|0|0|0|0|0|0|0|0|0|0|0|0|0|0|0|0|0|0|0|0|0|1
321|14|"PISANO Marco"|"Sampdoria"|1|1|1|6|0|1|6|0|0|0|0|0|0|0|0|0|0|0|0|1|1|0|1|1
323|14|"POTENZA Alessandro"|"Parma"|1|1|1|5.5|0|1|5.5|0|0|0|0|0|0|0|0|0|0|0|0|1|0|0|0|6
324|14|"RAFAEL Pereira da Silva"|"Messina"|1|1|1|5|0|1|5|0|0|0|0|0|0|0|0|0|0|0|0|1|1|0|1|5
325|14|"REZAEI Rahman"|"Messina"|1|1|1|4|0|1|4|0|0|0|0|0|0|0|0|0|0|0|0|1|1|0|1|6
326|14|"RIVALTA Claudio"|"Atalanta"|1|1|0|0|0|0|0|0|0|0|0|0|0|0|0|0|0|0|0|0|0|0|1|1
327|14|"RULLO Erminio"|"Lecce"|1|1|1|9|0|1|6|1|0|0|0|0|0|0|0|0|0|0|0|1|1|0|0|5
328|14|"RUSTICO Fabio"|"Atalanta"|1|1|0|0|0|0|0|0|0|0|0|0|0|0|0|0|0|0|0|0|0|0|1|2
329|14|"SABATO Rocco"|"Cagliari"|1|1|0|0|0|0|0|0|0|0|0|0|0|0|0|0|0|0|0|0|0|0|0|1
330|14|"SACCHETTI Stefano"|"Sampdoria"|1|1|0|0|0|0|0|0|0|0|0|0|0|0|0|0|0|0|0|0|0|0|1|4
331|14|"SALA Luigi"|"Atalanta"|1|1|1|5.5|0|1|6|0|0|0|0|0|1|0|0|0|0|0|0|1|1|0|1|5
332|14|"SANTOS Gleison"|"Atalanta"|1|1|0|0|0|0|0|0|0|0|0|0|0|0|0|0|0|0|0|0|0|0|1|1
333|14|"SARTOR Luigi"|"Roma"|1|1|0|0|0|0|0|0|0|0|0|0|0|0|0|0|0|0|0|0|0|0|0|2
334|14|"SAVINI Mirko"|"Fiorentina"|1|1|1|6|0|1|6|0|0|0|0|0|0|0|0|0|0|0|0|1|1|0|0|4
335|14|"SENSINI Nestor"|"Udinese"|1|1|1|6|0|1|6|0|0|0|0|0|0|0|0|0|0|0|0|1|1|0|0|13
336|14|"SILVESTRI Cristian"|"Lecce"|1|1|0|0|0|0|0|0|0|0|0|0|0|0|0|0|0|0|0|0|0|0|0|3
337|14|"SIMIC Dario"|"Milan"|1|1|0|0|0|0|0|0|0|0|0|0|0|0|0|0|0|0|0|0|0|0|1|2
338|14|"SIVIGLIA Sebastiano"|"Lazio"|1|1|1|5.5|0|1|5.5|0|0|0|0|0|0|0|0|0|0|0|0|1|1|0|1|5
339|14|"SMIT Vlado"|"Bologna"|1|1|0|0|0|0|0|0|0|0|0|0|0|0|0|0|0|0|0|0|0|0|1|3
340|14|"SOTTIL Andrea"|"Udinese"|0|1|0|0|0|0|0|0|0|0|0|0|0|0|0|0|0|0|0|0|0|0|0|4
341|14|"STAM Jaap"|"Milan"|1|1|0|0|0|0|0|0|0|0|0|0|0|0|0|0|0|0|0|0|0|0|1|5
342|14|"STANKEVICIUS Marius"|"Brescia"|1|1|1|9.5|0|1|6.5|1|0|0|0|0|0|0|0|0|0|0|0|1|1|0|1|5
343|14|"STOVINI Lorenzo"|"Lecce"|1|1|1|6|0|1|6|0|0|0|0|0|0|0|0|0|0|0|0|1|1|0|0|9
344|14|"SUSSI Andrea"|"Bologna"|1|1|1|5.5|0|1|5.5|0|0|0|0|0|0|0|0|0|0|0|0|1|1|0|1|7
345|14|"TERLIZZI Christian"|"Palermo"|1|1|0|0|0|0|0|0|0|0|0|0|0|0|0|0|0|0|0|0|0|0|0|1
346|14|"TERZI Claudio"|"Bologna"|0|1|0|0|0|0|0|0|0|0|0|0|0|0|0|0|0|0|0|0|0|0|1|1
347|14|"THURAM Lilian"|"Juventus"|1|1|1|5.5|0|1|5.5|0|0|0|0|0|0|0|0|0|0|0|0|1|1|0|0|13
348|14|"TONETTO Max"|"Sampdoria"|1|1|1|6.5|0|1|6.5|0|0|0|0|0|0|0|0|0|0|0|0|1|1|0|1|9
349|14|"TUDOR Igor"|"Juventus"|1|1|0|0|0|0|0|0|0|0|0|0|0|0|0|0|0|0|0|0|0|0|0|4
350|14|"UJFALUSI Tomas"|"Fiorentina"|1|1|1|6|0|1|6|0|0|0|0|0|0|0|0|0|0|0|0|1|1|0|0|12
351|14|"VANIGLI Richard"|"Livorno"|0|1|0|0|0|0|0|0|0|0|0|0|0|0|0|0|0|0|0|0|0|0|1|3
352|14|"VARGAS Jeorge"|"Livorno"|1|1|0|0|0|0|0|0|0|0|0|0|0|0|0|0|0|0|0|0|0|0|1|6
353|14|"VIALI William"|"Fiorentina"|1|1|1|6|0|1|6|0|0|0|0|0|0|0|0|0|0|0|0|1|1|0|0|6
354|14|"ZACCARDO Cristian"|"Palermo"|1|1|1|5.5|0|1|5.5|0|0|0|0|0|0|0|0|0|0|0|0|1|1|0|0|9
355|14|"ZAMBELLI Marco"|"Brescia"|1|1|0|0|0|0|0|0|0|0|0|0|0|0|0|0|0|0|0|0|0|0|1|1
356|14|"ZAMBONI Marco"|"Reggina"|1|1|1|9|0|1|6|1|0|0|0|0|0|0|0|0|0|0|0|1|1|0|0|9
357|14|"ZAMBROTTA Gianluca"|"Juventus"|1|1|1|5|0|1|5|0|0|0|0|0|0|0|0|0|0|0|0|1|1|0|0|18
358|14|"ZANCHI Marco"|"Messina"|1|1|1|4.5|0|1|4.5|0|0|0|0|0|0|0|0|0|0|0|0|1|1|0|1|6
359|14|"ZANETTI Javier"|"Inter"|1|1|1|6.5|0|1|6.5|0|0|0|0|0|0|0|0|0|0|0|0|1|1|0|0|14
360|14|"ZAURI Luciano"|"Lazio"|1|1|0|0|0|0|0|0|0|0|0|0|0|0|0|0|0|0|0|0|0|0|1|8
361|14|"ZE MARIA"|"Inter"|1|1|0|0|0|0|0|0|0|0|0|0|0|0|0|0|0|0|0|1|0|0|0|12
362|14|"ZEBINA Jonathan"|"Juventus"|1|1|1|6|0|1|6|0|0|0|0|0|0|0|0|0|0|0|0|1|1|0|0|11
363|14|"ZENONI Cristian"|"Sampdoria"|1|1|1|5.5|0|1|6|0|0|0|0|0|1|0|0|0|0|0|0|1|1|0|1|8
364|14|"ZOBOLI Davide"|"Brescia"|1|1|1|6|0|1|6|0|0|0|0|0|0|0|0|0|0|0|0|1|0|0|1|4
365|14|"ZORO Marco A."|"Messina"|1|1|1|5|0|1|5|0|0|0|0|0|0|0|0|0|0|0|0|1|1|0|1|5
366|14|"PORTANOVA Daniele"|"Siena"|1|1|1|6|0|1|6|0|0|0|0|0|0|0|0|0|0|0|0|1|1|0|1|10
367|14|"SORONDO Gonzalo"|"Inter"|0|1|0|0|0|0|0|0|0|0|0|0|0|0|0|0|0|0|0|0|0|0|0|1
368|14|"EVANGELISTI Alessandro"|"Livorno"|1|1|0|0|0|0|0|0|0|0|0|0|0|0|0|0|0|0|0|0|0|0|1|1
369|14|"LOPEZ Oscar"|"Lazio"|1|1|1|5.5|0|1|5.5|0|0|0|0|0|0|0|0|0|0|0|0|1|0|0|1|8
370|14|"COUTO Fernando"|"Lazio"|1|1|1|5|0|1|5|0|0|0|0|0|0|0|0|0|0|0|0|1|1|0|1|12
371|14|"OSEI Emmanuel"|"Livorno"|1|1|0|0|0|0|0|0|0|0|0|0|0|0|0|0|0|0|0|0|0|0|1|1
372|14|"TORRISI Stefano"|"Bologna"|1|1|0|0|0|0|0|0|0|0|0|0|0|0|0|0|0|0|0|0|0|0|1|6
373|14|"BELLERI Manuel"|"Udinese"|1|1|0|0|0|0|0|0|0|0|0|0|0|0|0|0|0|0|0|1|0|0|0|4
374|14|"CRIBARI Sanchez Emilson"|"Udinese"|1|1|1|6|0|1|6|0|0|0|0|0|0|0|0|0|0|0|0|1|0|0|0|6
375|14|"SERIC Anthony"|"Lazio"|1|1|0|0|0|0|0|0|0|0|0|0|0|0|0|0|0|0|0|0|0|0|1|4
376|14|"MORABITO Giovanni"|"Reggina"|1|1|0|0|0|0|0|0|0|0|0|0|0|0|0|0|0|0|0|0|0|0|0|3
377|14|"NICOLA Davide"|"Siena"|1|1|1|5.5|0|1|5.5|0|0|0|0|0|0|0|0|0|0|0|0|1|1|0|1|7
378|14|"COLOCCINI Fabrizio"|"Milan"|1|1|0|0|0|0|0|0|0|0|0|0|0|0|0|0|0|0|0|0|0|0|1|4
379|14|"THIAGO Pimentel"|"Reggina"|0|1|0|0|0|0|0|0|0|0|0|0|0|0|0|0|0|0|0|0|0|0|0|4
380|14|"BEGA Francesco"|"Cagliari"|1|1|1|6.5|0|1|6.5|0|0|0|0|0|0|0|0|0|0|0|0|1|1|0|0|7
381|14|"LEQUI Matias Emanuel"|"Lazio"|1|1|0|0|0|0|0|0|0|0|0|0|0|0|0|0|0|0|0|0|0|0|1|4
382|14|"ESPOSITO Marco"|"Chievo"|1|1|0|0|0|0|0|0|0|0|0|0|0|0|0|0|0|0|0|0|0|0|1|2
383|14|"DALLAMANO Simone"|"Brescia"|1|1|1|6|0|1|6|0|0|0|0|0|0|0|0|0|0|0|0|1|1|0|1|5
384|14|"CAMARA Ibrahima Sory"|"Parma"|1|1|0|0|0|0|0|0|0|0|0|0|0|0|0|0|0|0|0|0|0|0|0|2
385|14|"PISANO Francesco"|"Cagliari"|1|1|1|6.5|0|1|6.5|0|0|0|0|0|0|0|0|0|0|0|0|1|1|0|0|3
386|14|"GALANTE Fabio"|"Livorno"|1|1|1|4|0|1|4|0|0|0|0|0|0|0|0|0|0|0|0|1|1|0|1|3
387|14|"ADRIANO Parreira"|"Palermo"|1|1|0|0|0|0|0|0|0|0|0|0|0|0|0|0|0|0|0|0|0|0|0|2
388|14|"D'ALTERIO Salvatore"|"Messina"|1|1|0|0|0|0|0|0|0|0|0|0|0|0|0|0|0|0|0|0|0|0|1|2
389|14|"ERAMO Simone"|"Messina"|1|1|0|0|0|0|0|0|0|0|0|0|0|0|0|0|0|0|0|0|0|0|1|1
390|14|"SCURTO Giuseppe"|"Roma"|1|1|0|0|0|0|0|0|0|0|0|0|0|0|0|0|0|0|0|0|0|0|0|3
391|14|"TEDESCHI Luca"|"Bologna"|1|1|0|0|0|0|0|0|0|0|0|0|0|0|0|0|0|0|0|0|0|0|1|1
501|14|"ABEIJON Nelson"|"Cagliari"|1|2|1|10|0|1|7|1|0|0|0|0|0|0|0|0|0|0|0|1|1|0|0|13
502|14|"ALBERTINI Demetrio"|"Atalanta"|1|2|0|0|0|0|0|0|0|0|0|0|0|0|0|0|0|0|0|0|0|0|1|17
503|14|"ALBERTO Valentin Do Carmo"|"Udinese"|1|2|0|0|0|0|0|0|0|0|0|0|0|0|0|0|0|0|0|0|0|0|0|4
504|14|"ALBINO Marcello"|"Cagliari"|1|2|0|0|0|0|0|0|0|0|0|0|0|0|0|0|0|0|0|0|0|0|0|5
505|14|"ALMEYDA Matias"|"Brescia"|0|2|0|0|0|0|0|0|0|0|0|0|0|0|0|0|0|0|0|0|0|0|1|8
506|14|"AMBROSINI Massimo"|"Milan"|1|2|0|0|0|0|0|0|0|0|0|0|0|0|0|0|0|0|0|0|0|0|1|6
507|14|"AMETRANO Raffaele"|"Messina"|1|2|0|0|0|0|0|0|0|0|0|0|0|0|0|0|0|0|0|0|0|0|1|1
508|14|"AMOROSO Christian"|"Bologna"|1|2|1|6.5|0|1|6.5|0|0|0|0|0|0|0|0|0|0|0|0|1|1|0|1|7
509|14|"ANTONINI Luca"|"Sampdoria"|0|2|0|0|0|0|0|0|0|0|0|0|0|0|0|0|0|0|0|0|0|0|1|1
510|14|"APPIAH Stephen"|"Juventus"|1|2|1|6|0|1|6|0|0|0|0|0|0|0|0|0|0|0|0|1|1|0|0|5
511|14|"AQUILANI Alberto"|"Roma"|1|2|1|5.5|0|1|5.5|0|0|0|0|0|0|0|0|0|0|0|0|1|1|0|0|4
512|14|"ARDITO Andrea"|"Siena"|1|2|0|0|0|0|0|0|0|0|0|0|0|0|0|0|0|0|0|0|0|0|1|4
513|14|"ARGILLI Stefano"|"Siena"|1|2|1|5.5|0|1|5.5|0|0|0|0|0|0|0|0|0|0|0|0|1|1|0|1|3
514|14|"ARIATTI Luca"|"Fiorentina"|1|2|0|0|0|0|0|0|0|0|0|0|0|0|0|0|0|0|0|0|0|0|0|6
515|14|"BABU' A. De Oliveira"|"Lecce"|1|2|1|5|0|1|5|0|0|0|0|0|0|0|0|0|0|0|0|1|1|0|0|3
516|14|"BACHINI Jonathan"|"Brescia"|0|2|0|0|0|0|0|0|0|0|0|0|0|0|0|0|0|0|0|0|0|0|1|5
517|14|"BAIOCCO Davide"|"Juventus"|0|2|0|0|0|0|0|0|0|0|0|0|0|0|0|0|0|0|0|0|0|0|0|3
518|14|"BARONE Simone"|"Palermo"|1|2|1|6|0|1|6|0|0|0|0|0|0|0|0|0|0|0|0|1|1|0|0|14
519|14|"BARONIO Roberto"|"Chievo"|1|2|1|5|0|1|5|0|0|0|0|0|0|0|0|0|0|0|0|1|1|0|1|10
520|14|"BERNARDINI Antonino"|"Atalanta"|1|2|1|2.5|0|1|5.5|0|0|0|0|0|0|0|1|0|0|1|0|1|1|0|1|4
521|14|"BINOTTO Jonatan"|"Bologna"|1|2|1|5.5|0|1|5.5|0|0|0|0|0|0|0|0|0|0|0|0|1|0|0|1|1
522|14|"BLASI Manuele"|"Juventus"|1|2|0|0|0|0|0|0|0|0|0|0|0|0|0|0|0|0|0|0|0|0|0|12
523|14|"BOLANO Correa Jorge Eladio"|"Parma"|1|2|0|0|0|0|0|0|0|0|0|0|0|0|0|0|0|0|0|0|0|0|0|5
524|14|"BOUDIANSKI Viktor"|"Reggina"|1|2|0|0|0|0|0|0|0|0|0|0|0|0|0|0|0|0|0|0|0|0|0|1
525|14|"BRAMBILLA Massimo"|"Cagliari"|1|2|1|7|0|1|7|0|0|0|0|0|0|0|0|0|0|0|0|1|1|0|0|7
526|14|"BRESCIANO Mark"|"Parma"|1|2|1|6.5|0|1|6.5|0|0|0|0|0|0|0|0|0|0|0|0|1|1|0|0|14
527|14|"BRIGHI Matteo"|"Chievo"|1|2|1|6|0|1|6|0|0|0|0|0|0|0|0|0|0|0|0|1|1|0|1|11
528|14|"BROCCHI Cristian"|"Milan"|1|2|0|0|0|0|0|0|0|0|0|0|0|0|0|0|0|0|0|0|0|0|1|4
529|14|"BUDEL Alessandro"|"Parma"|1|2|1|6|0|1|6|0|0|0|0|0|0|0|0|0|0|0|0|1|1|0|0|4
530|14|"CAMBIASSO Esteban"|"Inter"|1|2|1|7|0|1|7|0|0|0|0|0|0|0|0|0|0|0|0|1|1|0|0|14
531|14|"CAMORANESI Mauro"|"Juventus"|1|2|1|8.5|0|1|7.5|0|0|0|0|1|0|0|0|0|0|0|0|1|1|0|0|18
532|14|"CAMORANI Alfonso"|"Siena"|1|2|0|0|0|0|0|0|0|0|0|0|0|0|0|0|0|0|0|0|0|0|1|5
533|14|"CAMPOLO Sergio"|"Messina"|0|2|0|0|0|0|0|0|0|0|0|0|0|0|0|0|0|0|0|0|0|0|1|1
534|14|"CARRUS Davide"|"Fiorentina"|0|2|0|0|0|0|0|0|0|0|0|0|0|0|0|0|0|0|0|0|0|0|0|1
535|14|"CASSETTI Marco"|"Lecce"|1|2|1|6.5|0|1|7|0|0|0|0|0|1|0|0|0|0|0|0|1|1|0|0|15
536|14|"CESAR Rodriguez Aparecido"|"Lazio"|1|2|1|4.5|0|1|5|0|0|0|0|0|1|0|0|0|0|0|0|1|1|0|1|9
537|14|"CIARAMITARO Maurizio"|"Livorno"|0|2|0|0|0|0|0|0|0|0|0|0|0|0|0|0|0|0|0|0|0|0|1|3
538|14|"COLUCCI Leonardo"|"Bologna"|1|2|1|6|0|1|6|0|0|0|0|0|0|0|0|0|0|0|0|1|1|0|1|3
539|14|"CONTI Daniele"|"Cagliari"|1|2|1|6|0|1|6|0|0|0|0|0|0|0|0|0|0|0|0|1|0|0|0|5
540|14|"COPPOLA Carmine"|"Messina"|1|2|0|0|0|0|0|0|0|0|0|0|0|0|0|0|0|0|0|0|0|0|1|6
541|14|"CORINI Eugenio"|"Palermo"|1|2|1|6|0|1|6|0|0|0|0|0|0|0|0|0|0|0|0|1|1|0|0|20
542|14|"DABO Ousmane"|"Lazio"|1|2|1|6.5|0|1|6.5|0|0|0|0|0|0|0|0|0|0|0|0|1|1|0|1|4
543|14|"DACOURT Olivier"|"Roma"|1|2|0|0|0|0|0|0|0|0|0|0|0|0|0|0|0|0|0|0|0|0|0|10
544|14|"D'AGOSTINO Gaetano"|"Roma"|1|2|1|4.5|0|1|5|0|0|0|0|0|1|0|0|0|0|0|0|1|1|0|0|4
545|14|"DALLA BONA Samuele"|"Lecce"|1|2|1|9|0|1|6|1|0|0|0|0|0|0|1|0|0|0|0|1|1|0|0|15
546|14|"D'AVERSA Roberto"|"Siena"|1|2|0|0|0|0|0|0|0|0|0|0|0|0|0|0|0|0|0|0|0|0|1|4
547|14|"DAVIDS Edgar"|"Inter"|1|2|0|0|0|0|0|0|0|0|0|0|0|0|0|0|0|0|0|1|0|0|0|14
548|14|"DE ROSSI Daniele"|"Roma"|1|2|0|0|0|0|0|0|0|0|0|0|0|0|0|0|0|0|0|0|0|0|0|15
549|14|"DE VEZZE Daniele"|"Fiorentina"|0|2|0|0|0|0|0|0|0|0|0|0|0|0|0|0|0|0|0|0|0|0|0|2
550|14|"DEL NERO Simone"|"Brescia"|1|2|0|0|0|0|0|0|0|0|0|0|0|0|0|0|0|0|0|0|0|0|1|13
551|14|"DELNEVO Loris"|"Cagliari"|1|2|0|0|0|0|0|0|0|0|0|0|0|0|0|0|0|0|0|1|0|0|0|4
552|14|"DHORASOO Vikash"|"Milan"|1|2|1|6|0|1|6|0|0|0|0|0|0|0|0|0|0|0|0|1|0|0|1|5
553|14|"DI DONATO Daniele"|"Siena"|1|2|1|4.5|0|1|5|0|0|0|0|0|1|0|0|0|0|0|0|1|1|0|1|5
554|14|"DI LIVIO Angelo"|"Fiorentina"|1|2|0|0|0|0|0|0|0|0|0|0|0|0|0|0|0|0|0|1|0|0|0|2
555|14|"DIANA Aimo"|"Sampdoria"|1|2|1|5.5|0|1|5.5|0|0|0|0|0|0|0|0|0|0|0|0|1|1|0|1|14
556|14|"DIARRA Drissa"|"Lecce"|1|2|0|0|0|0|0|0|0|0|0|0|0|0|0|0|0|0|0|0|0|0|0|4
557|14|"DOGA Alessandro"|"Livorno"|1|2|1|5|0|1|5|0|0|0|0|0|0|0|0|0|0|0|0|1|1|0|1|4
558|14|"DONADEL Marco"|"Sampdoria"|1|2|0|0|0|0|0|0|0|0|0|0|0|0|0|0|0|0|0|0|0|0|1|6
559|14|"DONATI Massimo"|"Messina"|1|2|1|4|0|1|4|0|0|0|0|0|0|0|0|0|0|0|0|1|1|0|1|8
560|14|"DONI Cristiano"|"Sampdoria"|1|2|0|0|0|0|0|0|0|0|0|0|0|0|0|0|0|0|0|0|0|0|1|10
561|14|"EDUSEI Mark"|"Sampdoria"|1|2|1|5.5|0|1|5.5|0|0|0|0|0|0|0|0|0|0|0|0|1|0|0|1|1
562|14|"EMERSON Ferreira"|"Juventus"|1|2|1|6.5|0|1|6.5|0|0|0|0|0|0|0|0|0|0|0|0|1|1|0|0|26
563|14|"EMRE Belozoglu"|"Inter"|1|2|0|0|0|0|0|0|0|0|0|0|0|0|0|0|0|0|0|0|0|0|0|5
564|14|"EREMENKO Alexei"|"Lecce"|1|2|0|0|0|0|0|0|0|0|0|0|0|0|0|0|0|0|0|1|0|0|0|5
566|14|"MENEGAZZO Fernando"|"Siena"|1|2|0|0|0|0|0|0|0|0|0|0|0|0|0|0|0|0|0|0|0|0|1|4
567|14|"FILIPPINI Antonio"|"Lazio"|1|2|1|6|0|1|6|0|0|0|0|0|0|0|0|0|0|0|0|1|1|0|1|6
568|14|"FILIPPINI Emanuele"|"Lazio"|1|2|0|0|0|0|0|0|0|0|0|0|0|0|0|0|0|0|0|0|0|0|1|4
569|14|"FIUMICELLI Ernesto Luca"|"Brescia"|1|2|0|0|0|0|0|0|0|0|0|0|0|0|0|0|0|0|0|0|0|0|1|1
570|14|"FONTANA Gaetano"|"Fiorentina"|1|2|0|0|0|0|0|0|0|0|0|0|0|0|0|0|0|0|0|0|0|0|0|3
571|14|"FRANCESCHINI Daniele"|"Chievo"|1|2|1|6.5|0|1|6.5|0|0|0|0|0|0|0|0|0|0|0|0|1|0|0|1|7
572|14|"GASBARRONI Andrea"|"Palermo"|1|2|0|0|0|0|0|0|0|0|0|0|0|0|0|0|0|0|0|0|0|0|0|13
573|14|"GATTUSO Ivan Gennaro"|"Milan"|1|2|1|6|0|1|6|0|0|0|0|0|0|0|0|0|0|0|0|1|1|0|1|14
574|14|"GAUTIERI Carmine"|"Atalanta"|1|2|0|0|0|0|0|0|0|0|0|0|0|0|0|0|0|0|0|1|0|0|1|12
575|14|"GEMITI Giuseppe"|"Udinese"|0|2|0|0|0|0|0|0|0|0|0|0|0|0|0|0|0|0|0|0|0|0|0|1
576|14|"GENTILE Andrea"|"Messina"|0|2|0|0|0|0|0|0|0|0|0|0|0|0|0|0|0|0|0|0|0|0|1|2
577|14|"GIACOMAZZI Guillermo"|"Lecce"|1|2|1|10|0|1|7|1|0|1|0|0|0|0|0|0|0|0|0|1|1|0|0|12
578|14|"GIALLOMBARDO Andrea"|"Livorno"|1|2|0|0|0|0|0|0|0|0|0|0|0|0|0|0|0|0|0|1|0|0|1|7
579|14|"GIAMPA' Domenico"|"Messina"|1|2|0|0|0|0|0|0|0|0|0|0|0|0|0|0|0|0|0|0|0|0|1|4
580|14|"GIANNICHEDDA Giuliano"|"Lazio"|1|2|1|6.5|0|1|6.5|0|0|0|0|0|0|0|0|0|0|0|0|1|1|0|1|10
581|14|"GIUNTI Federico"|"Bologna"|1|2|0|0|0|1|0|0|0|0|0|0|0|0|0|0|0|0|0|0|0|0|1|4
582|14|"GOBBI Massimo"|"Cagliari"|1|2|1|7.5|0|1|6.5|0|0|0|0|1|0|0|0|0|0|0|0|1|1|0|0|11
583|14|"GRAUSO Claudio"|"Livorno"|1|2|0|0|0|0|0|0|0|0|0|0|0|0|0|0|0|0|0|0|0|0|1|4
584|14|"GUANA Roberto"|"Brescia"|1|2|1|6.5|0|1|6.5|0|0|0|0|0|0|0|0|0|0|0|0|1|1|0|1|6
585|14|"GUIGOU Gianni"|"Fiorentina"|1|2|0|0|0|0|0|0|0|0|0|0|0|0|0|0|0|0|0|0|0|0|0|4
586|14|"GULY Andres"|"Inter"|0|2|0|0|0|0|0|0|0|0|0|0|0|0|0|0|0|0|0|0|0|0|0|1
587|14|"HELGUERA Ivan"|"Fiorentina"|1|2|0|0|0|0|0|0|0|0|0|0|0|0|0|0|0|0|0|0|0|0|0|1
588|14|"JANKULOVSKI Marek"|"Udinese"|1|2|1|6.5|0|1|6.5|0|0|0|0|0|0|0|0|0|0|0|0|1|1|0|0|20
589|14|"JORGENSEN Martin"|"Fiorentina"|1|2|0|0|0|0|0|0|0|0|0|0|0|0|0|0|0|0|0|0|0|0|0|16
590|14|"JUNIOR Denilson de Souza"|"Parma"|0|2|0|0|0|0|0|0|0|0|0|0|0|0|0|0|0|0|0|0|0|0|0|2
591|14|"KAKA Ricardo"|"Milan"|1|2|1|10|0|1|7|1|0|0|0|0|0|0|0|0|0|0|0|1|1|0|1|32
592|14|"KAPO Olivier"|"Juventus"|1|2|1|6|0|1|6|0|0|0|0|0|0|0|0|0|0|0|0|1|0|0|0|8
593|14|"KARAGOUNIS Giorgios"|"Inter"|1|2|0|0|0|0|0|0|0|0|0|0|0|0|0|0|0|0|0|0|0|0|0|4
594|14|"KILY GONZALEZ"|"Inter"|1|2|0|0|0|0|0|0|0|0|0|0|0|0|0|0|0|0|0|0|0|0|0|4
595|14|"LAMOUCHI Sabri"|"Inter"|0|2|0|0|0|0|0|0|0|0|0|0|0|0|0|0|0|0|0|0|0|0|0|1
596|14|"LAVECCHIA Luigi"|"Messina"|0|2|0|0|0|0|0|0|0|0|0|0|0|0|0|0|0|0|0|0|0|0|1|2
597|14|"LEDESMA Christian"|"Lecce"|1|2|1|6.5|0|1|6.5|0|0|0|0|0|0|0|0|0|0|0|0|1|1|0|0|13
598|14|"LEON Julio Cesar"|"Reggina"|0|2|0|0|0|0|0|0|0|0|0|0|0|0|0|0|0|0|0|0|0|0|0|1
599|14|"LIMBERSKY David"|"Udinese"|1|2|0|0|0|0|0|0|0|0|0|0|0|0|0|0|0|0|0|0|0|0|0|1
600|14|"LIVERANI Fabio"|"Lazio"|1|2|0|0|0|0|0|0|0|0|0|0|0|0|0|0|0|0|0|0|0|0|1|7
601|14|"LOVISO Massimo"|"Bologna"|1|2|1|5|0|1|5|0|0|0|0|0|0|0|0|0|0|0|0|1|0|0|1|3
602|14|"LUCIANO"|"Chievo"|1|2|1|5.5|0|1|5.5|0|0|0|0|0|0|0|0|0|0|0|0|1|0|0|1|4
603|14|"MAGGIO Cristian"|"Fiorentina"|1|2|0|0|0|0|0|0|0|0|0|0|0|0|0|0|0|0|0|0|0|0|0|3
604|14|"MAMEDE Jose' Aleixo"|"Messina"|1|2|0|0|0|0|0|0|0|0|0|0|0|0|0|0|0|0|0|0|0|0|1|4
605|14|"MANCINI Amantino"|"Roma"|1|2|1|6|0|1|6|0|0|0|0|0|0|0|0|0|0|0|0|1|1|0|0|21
606|14|"MANNINI"|"Brescia"|1|2|0|0|0|0|0|0|0|0|0|0|0|0|0|0|0|0|0|0|0|0|1|7
607|14|"MARCHIONNI Marco"|"Parma"|1|2|0|0|0|0|0|0|0|0|0|0|0|0|0|0|0|0|0|0|0|0|0|17
608|14|"MARCOLINI Michele"|"Atalanta"|1|2|0|0|0|0|0|0|0|0|0|0|0|0|0|0|0|0|0|0|0|0|1|9
609|14|"MARESCA Enzo"|"Fiorentina"|1|2|1|6.5|0|1|6.5|0|0|0|0|0|0|0|0|0|0|0|0|1|1|0|0|17
610|14|"MARIANINI Francesco"|"Lecce"|1|2|0|0|0|0|0|0|0|0|0|0|0|0|0|0|0|0|0|0|0|0|0|5
611|14|"MESTO Giandomenico"|"Reggina"|1|2|1|5|0|1|5|0|0|0|0|0|0|0|0|0|0|0|0|1|1|0|0|8
612|14|"MINGAZZINI Nicola"|"Atalanta"|1|2|1|6|0|1|6|0|0|0|0|0|0|0|0|0|0|0|0|1|1|0|1|4
613|14|"MONTOLIVO Riccardo"|"Atalanta"|1|2|1|5|0|1|5|0|0|0|0|0|0|0|0|0|0|0|0|1|1|0|1|16
614|14|"MORFEO Domenico"|"Parma"|1|2|0|0|0|0|0|0|0|0|0|0|0|0|0|0|0|0|0|0|0|0|0|16
615|14|"MORRONE Stefano"|"Palermo"|1|2|0|0|0|0|0|0|0|0|0|0|0|0|0|0|0|0|0|1|0|0|0|4
616|14|"MOZART Junior Santos"|"Reggina"|1|2|1|5|0|1|5|0|0|0|0|0|0|0|0|0|0|0|0|1|1|0|0|8
617|14|"MUNTARI Sulley Ali"|"Udinese"|1|2|1|6.5|0|1|6.5|0|0|0|0|0|0|0|0|0|0|0|0|1|1|0|0|5
618|14|"MUTARELLI Massimo"|"Palermo"|1|2|1|6.5|0|1|6.5|0|0|0|0|0|0|0|0|0|0|0|0|1|1|0|0|7
619|14|"NAKAMURA Shunsuke"|"Reggina"|1|2|1|5|0|1|5|0|0|0|0|0|0|0|0|0|0|0|0|1|1|0|0|11
620|14|"NAKATA Hidetoshi"|"Fiorentina"|1|2|0|0|0|0|0|0|0|0|0|0|0|0|0|0|0|0|0|1|0|0|0|17
621|14|"NEDVED Pavel"|"Juventus"|1|2|0|0|0|0|0|0|0|0|0|0|0|0|0|0|0|0|0|0|0|0|0|28
622|14|"NERVO Carlo"|"Bologna"|1|2|0|0|0|0|0|0|0|0|0|0|0|0|0|0|0|0|0|0|0|0|1|6
623|14|"OBODO Chris"|"Fiorentina"|1|2|1|6|0|1|6|0|0|0|0|0|0|0|0|0|0|0|0|1|1|0|0|12
624|14|"OLIVERA Ruben"|"Juventus"|1|2|1|9|0|1|6.5|1|0|0|0|0|1|0|0|0|0|0|0|1|1|0|0|11
625|14|"PAGANO Biagio"|"Sampdoria"|1|2|1|9|0|1|6.5|1|0|0|0|0|1|0|0|0|0|0|0|1|0|0|1|2
626|14|"PALOMBO Angelo"|"Sampdoria"|1|2|1|6.5|0|1|6.5|0|0|0|0|0|0|0|0|0|0|0|0|1|1|0|1|8
627|14|"PANDEV Goran"|"Lazio"|1|2|1|10|0|1|7|1|0|0|0|0|0|0|0|0|0|0|0|1|1|0|1|12
628|14|"PAREDES Carlos Humberto"|"Reggina"|1|2|1|5.5|0|1|5.5|0|0|0|0|0|0|0|0|0|0|0|0|1|1|0|0|6
629|14|"PASSONI Dario"|"Livorno"|1|2|1|4.5|0|1|5|0|0|0|0|0|1|0|0|0|0|0|0|1|1|0|1|6
630|14|"PAZIENZA Michele"|"Udinese"|1|2|0|0|0|0|0|0|0|0|0|0|0|0|0|0|0|0|0|0|0|0|0|5
631|14|"PECCHIA Fabio"|"Siena"|1|2|1|5.5|0|1|5.5|0|0|0|0|0|0|0|0|0|0|0|0|1|1|0|1|10
632|14|"PERROTTA Simone"|"Roma"|1|2|1|5.5|0|1|6|0|0|0|0|0|1|0|0|0|0|0|0|1|1|0|0|13
633|14|"PIANGERELLI Luigi"|"Fiorentina"|1|2|0|0|0|0|0|0|0|0|0|0|0|0|0|0|0|0|0|0|0|0|0|3
634|14|"PIERI Mirko"|"Udinese"|1|2|0|0|0|0|0|0|0|0|0|0|0|0|0|0|0|0|0|0|0|0|0|1
635|14|"PINARDI Alex"|"Lecce"|1|2|1|5|0|1|5|0|0|0|0|0|0|0|0|0|0|0|0|1|0|0|0|7
636|14|"PINNA Sebastiano"|"Cagliari"|0|2|0|0|0|0|0|0|0|0|0|0|0|0|0|0|0|0|0|0|0|0|0|1
637|14|"PINZI Giampiero"|"Udinese"|1|2|1|5|0|1|6|0|0|0|0|0|0|1|0|0|0|0|0|1|1|0|0|8
638|14|"PIRLO Andrea"|"Milan"|1|2|1|9.5|0|1|6.5|1|0|1|0|0|0|0|0|0|0|0|0|1|1|0|1|26
639|14|"PIZARRO David Cortes"|"Udinese"|1|2|1|7|0|1|7|0|0|0|0|0|0|0|0|0|0|0|0|1|1|0|0|20
640|14|"REBECCHI Mario"|"Inter"|1|2|0|0|0|0|0|0|0|0|0|0|0|0|0|0|0|0|0|0|0|0|0|4
641|14|"ROSINA Alessandro"|"Parma"|1|2|1|6|0|1|6|0|0|0|0|0|0|0|0|0|0|0|0|1|1|0|0|4
642|14|"RUI COSTA Manuel"|"Milan"|1|2|0|0|0|0|0|0|0|0|0|0|0|0|0|0|0|0|0|0|0|0|1|13
643|14|"RUOTOLO Gennaro"|"Livorno"|1|2|0|0|0|0|0|0|0|0|0|0|0|0|0|0|0|0|0|0|0|0|1|1
644|14|"SANTANA Mario Alberto"|"Palermo"|1|2|1|5.5|0|1|5.5|0|0|0|0|0|0|0|0|0|0|0|0|1|1|0|0|12
645|14|"SCHOPP Markus"|"Brescia"|1|2|1|7.5|0|1|6.5|0|0|0|0|1|0|0|0|0|0|0|0|1|1|0|1|5
646|14|"SEEDORF Clarence"|"Milan"|1|2|1|5|0|1|5|0|0|0|0|0|0|0|0|0|0|0|0|1|1|0|1|13
647|14|"SEMIOLI Franco"|"Chievo"|1|2|1|6|0|1|6|0|0|0|0|0|0|0|0|0|0|0|0|1|1|0|1|16
648|14|"SERGINHO Claudio Santos"|"Milan"|1|2|1|6.5|0|1|6.5|0|0|0|0|0|0|0|0|0|0|0|0|1|0|0|1|7
649|14|"STANKOVIC Dejan"|"Inter"|1|2|1|6.5|0|1|6.5|0|0|0|0|0|0|0|0|0|0|0|0|1|1|0|0|23
650|14|"SULLO Salvatore"|"Messina"|1|2|0|0|0|0|0|0|0|0|0|0|0|0|0|0|0|0|0|0|0|0|1|8
651|14|"TACCHINARDI Alessio"|"Juventus"|1|2|0|0|0|0|0|0|0|0|0|0|0|0|0|0|0|0|0|0|0|0|0|4
652|14|"TADDEI Rodrigo"|"Siena"|1|2|1|6|0|1|6|0|0|0|0|0|0|0|0|0|0|0|0|1|1|0|1|4
653|14|"TEDESCO Giacomo"|"Reggina"|1|2|1|5.5|0|1|6|0|0|0|0|0|1|0|0|0|0|0|0|1|0|0|0|7
654|14|"TOLEDO Machado"|"Udinese"|0|2|0|0|0|0|0|0|0|0|0|0|0|0|0|0|0|0|0|0|0|0|0|3
655|14|"TOMMASI Damiano"|"Roma"|1|2|0|0|0|0|0|0|0|0|0|0|0|0|0|0|0|0|0|0|0|0|0|1
656|14|"VALDES Jaime"|"Fiorentina"|1|2|0|0|0|0|0|0|0|0|0|0|0|0|0|0|0|0|0|0|0|0|0|4
657|14|"VAN DER MEYDE Andy"|"Inter"|1|2|1|6|0|1|6|0|0|0|0|0|0|0|0|0|0|0|0|1|1|0|0|6
658|14|"VANNUCCHI Ighli"|"Palermo"|0|2|0|0|0|0|0|0|0|0|0|0|0|0|0|0|0|0|0|0|0|0|0|3
659|14|"VERGASSOLA Simone"|"Siena"|1|2|1|5.5|0|1|5.5|0|0|0|0|0|0|0|0|0|0|0|0|1|1|0|1|6
660|14|"VERON Juan Sebastian"|"Inter"|1|2|0|0|0|0|0|0|0|0|0|0|0|0|0|0|0|0|0|0|0|0|0|16
661|14|"VIDIGAL Da Cruz"|"Livorno"|1|2|1|6|0|1|6|0|0|0|0|0|0|0|0|0|0|0|0|1|1|0|1|9
662|14|"VIGIANI Luca"|"Livorno"|1|2|1|10|0|1|7|1|0|0|0|0|0|0|0|0|0|0|0|1|1|0|1|10
663|14|"VOLPI Sergio"|"Sampdoria"|1|2|1|6.5|0|1|6.5|0|0|0|0|0|0|0|0|0|0|0|0|1|1|0|1|13
664|14|"ZAGORAKIS Theodoros"|"Bologna"|1|2|1|5.5|0|1|5.5|0|0|0|0|0|0|0|0|0|0|0|0|1|1|0|1|14
665|14|"ZANCHETTA Andrea"|"Chievo"|1|2|0|0|0|0|0|0|0|0|0|0|0|0|0|0|0|0|0|0|0|0|1|4
666|14|"ZANETTI Cristiano"|"Inter"|1|2|1|7|0|1|7|0|0|0|0|0|0|0|0|0|0|0|0|1|1|0|0|6
667|14|"ZAULI Lamberto"|"Palermo"|1|2|0|0|0|0|0|0|0|0|0|0|0|0|0|0|0|0|0|0|0|0|0|7
668|14|"ZENONI Damiano"|"Atalanta"|1|2|1|5|0|1|5.5|0|0|0|0|0|1|0|0|0|0|0|0|1|1|0|1|9
669|14|"ZIVKOVIC Bratislav"|"Sampdoria"|1|2|0|0|0|0|0|0|0|0|0|0|0|0|0|0|0|0|0|0|0|0|1|1
670|14|"CORDOVA Nicolas"|"Livorno"|1|2|1|5|0|1|5|0|0|0|0|0|0|0|0|0|0|0|0|1|0|0|1|5
671|14|"GONZALES Mariano"|"Palermo"|1|2|0|0|0|0|0|0|0|0|0|0|0|0|0|0|0|0|0|0|0|0|0|7
672|14|"VERON Ricardo"|"Reggina"|1|2|0|0|0|0|0|0|0|0|0|0|0|0|0|0|0|0|0|0|0|0|0|2
673|14|"ABATE Ignazio"|"Milan"|0|2|0|0|0|0|0|0|0|0|0|0|0|0|0|0|0|0|0|0|0|0|1|1
674|14|"SIMPLICIO Fabio"|"Parma"|1|2|1|7.5|0|1|7.5|0|0|0|0|0|0|0|0|0|0|0|0|1|1|0|0|6
675|14|"DEFRANCESCHI Ivone"|"Chievo"|1|2|0|0|0|0|0|0|0|0|0|0|0|0|0|0|0|0|0|0|0|0|1|4
676|14|"GAMBADORI Alessandro"|"Livorno"|1|2|0|0|0|0|0|0|0|0|0|0|0|0|0|0|0|0|0|0|0|0|1|1
677|14|"RAIMONDI Cristian"|"Palermo"|1|2|0|0|0|0|0|0|0|0|0|0|0|0|0|0|0|0|0|0|0|0|0|4
678|14|"COLUCCI Giuseppe"|"Reggina"|1|2|1|5.5|0|1|5.5|0|0|0|0|0|0|0|0|0|0|0|0|1|1|0|0|12
679|14|"GRELLA Vincenzo"|"Parma"|1|2|0|0|0|0|0|0|0|0|0|0|0|0|0|0|0|0|0|0|0|0|0|7
680|14|"GONZALEZ Esteban"|"Lazio"|1|2|0|0|0|0|0|0|0|0|0|0|0|0|0|0|0|0|0|0|0|0|1|4
681|14|"MEA Miguel Angel"|"Lazio"|1|2|0|0|0|0|0|0|0|0|0|0|0|0|0|0|0|0|0|0|0|0|1|3
682|14|"TALAMONTI Leonardo"|"Lazio"|1|2|1|4.5|0|1|5|0|0|0|0|0|1|0|0|0|0|0|0|1|1|0|1|5
683|14|"ROBERT Bryan"|"Lazio"|1|2|0|0|0|0|0|0|0|0|0|0|0|0|0|0|0|0|0|0|0|0|1|4
684|14|"MAURI Stefano"|"Udinese"|1|2|1|6.5|0|1|6.5|0|0|0|0|0|0|0|0|0|0|0|0|1|0|0|0|13
685|14|"MILANETTO Omar"|"Brescia"|1|2|1|6|0|1|6.5|0|0|0|0|0|1|0|0|0|0|0|0|1|1|0|1|11
686|14|"ALLEGRETTI Riccardo"|"Chievo"|1|2|0|0|0|0|0|0|0|0|0|0|0|0|0|0|0|0|0|0|0|0|1|4
687|14|"DELLA MORTE Ivano"|"Siena"|0|2|0|0|0|0|0|0|0|0|0|0|0|0|0|0|0|0|0|0|0|0|1|7
688|14|"PERALTA Horacio"|"Cagliari"|1|2|0|0|0|0|0|0|0|0|0|0|0|0|0|0|0|0|0|0|0|0|0|4
689|14|"CUCCIARI Alessandro"|"Messina"|1|2|1|4.5|0|1|5|0|0|0|0|0|1|0|0|0|0|0|0|1|1|0|1|4
690|14|"ESPOSITO Gennaro"|"Siena"|1|2|0|0|0|0|0|0|0|0|0|0|0|0|0|0|0|0|0|0|0|0|1|2
691|14|"GONIAS Panagiotis"|"Messina"|1|2|1|6|0|1|6|0|0|0|0|0|0|0|0|0|0|0|0|1|0|0|1|3
692|14|"DE MARTINO Raffaele"|"Roma"|1|2|0|0|0|0|0|0|0|0|0|0|0|0|0|0|0|0|0|0|0|0|0|3
693|14|"SAMMARCO Paolo"|"Chievo"|1|2|0|0|0|0|0|0|0|0|0|0|0|0|0|0|0|0|0|0|0|0|1|1
801|14|"ADRIANO Leite Ribeiro"|"Inter"|1|3|1|17|0|1|8|3|0|1|0|0|0|0|0|0|0|0|0|1|1|0|0|60
802|14|"AMAURI Carvalho De O."|"Chievo"|1|3|1|9.5|0|1|6.5|1|0|0|0|0|0|0|0|0|0|0|0|1|0|0|1|9
804|14|"BAZZANI Fabio"|"Sampdoria"|1|3|1|7|0|1|6|0|0|0|0|1|0|0|0|0|0|0|0|1|1|0|1|29
805|14|"BELLUCCI Claudio"|"Bologna"|1|3|1|5.5|0|1|5.5|0|0|0|0|0|0|0|0|0|0|0|0|1|1|0|1|12
806|14|"BIANCHI Rolando"|"Cagliari"|1|3|0|0|0|0|0|0|0|0|0|0|0|0|0|0|0|0|0|0|0|0|0|4
807|14|"BILIOTTI Emiliano"|"Livorno"|0|3|0|0|0|0|0|0|0|0|0|0|0|0|0|0|0|0|0|0|0|0|1|3
808|14|"BOGDANI Erjon"|"Reggina"|0|3|0|0|0|0|0|0|0|0|0|0|0|0|0|0|0|0|0|0|0|0|0|7
809|14|"BOJINOV Valeri E."|"Lecce"|1|3|1|7|0|1|7|0|0|0|0|0|0|0|0|0|0|0|0|1|1|0|0|31
810|14|"BONAZZOLI Emiliano"|"Reggina"|1|3|1|5|0|1|5|0|0|0|0|0|0|0|0|0|0|0|0|1|1|0|0|22
811|14|"BORRIELLO Marco"|"Reggina"|1|3|1|5.5|0|1|5.5|0|0|0|0|0|0|0|0|0|0|0|0|1|0|0|0|18
812|14|"BRIENZA Franco"|"Palermo"|1|3|1|9.5|0|1|6.5|1|0|1|0|0|0|0|0|0|0|0|0|1|1|0|0|14
813|14|"BUDAN Igor"|"Atalanta"|1|3|1|5.5|0|1|6|0|0|0|0|0|1|0|0|0|0|0|0|1|1|0|1|12
814|14|"CAMMARATA Fabrizio"|"Cagliari"|0|3|0|0|0|0|0|0|0|0|0|0|0|0|0|0|0|0|0|0|0|0|0|4
815|14|"CAPONE Andrea"|"Cagliari"|0|3|0|0|0|0|0|0|0|0|0|0|0|0|0|0|0|0|0|0|0|0|0|5
816|14|"CARACCIOLO Andrea"|"Brescia"|1|3|1|9.5|0|1|6.5|1|0|0|0|0|0|0|0|0|0|0|0|1|1|0|1|27
817|14|"CASSANO Antonio"|"Roma"|1|3|0|0|0|0|0|0|0|0|0|0|0|0|0|0|0|0|0|0|0|0|0|32
818|14|"CERCI Alessio"|"Roma"|1|3|0|0|0|0|0|0|0|0|0|0|0|0|0|0|0|0|0|0|0|0|0|2
819|14|"CHIESA Enrico"|"Siena"|1|3|1|6|0|1|6|0|0|0|0|0|0|0|0|0|0|0|0|1|1|0|1|25
820|14|"CHIUMIENTO Davide"|"Siena"|1|3|0|0|0|0|0|0|0|0|0|0|0|0|0|0|0|0|0|0|0|0|1|6
821|14|"CIPRIANI Giacomo"|"Bologna"|1|3|0|0|0|0|0|0|0|0|0|0|0|0|0|0|0|0|0|0|0|0|1|18
822|14|"COLOMBO Corrado"|"Livorno"|1|3|1|6|0|1|6|0|0|0|0|0|0|0|0|0|0|0|0|1|0|0|1|10
823|14|"COMANDINI Gianni"|"Atalanta"|1|3|0|0|0|0|0|0|0|0|0|0|0|0|0|0|0|0|0|1|0|0|1|4
824|14|"CORVIA Daniele"|"Roma"|1|3|1|5|0|1|5|0|0|0|0|0|0|0|0|0|0|0|0|1|0|0|0|3
825|14|"COSSATO Federico"|"Chievo"|1|3|1|5|0|1|5|0|0|0|0|0|0|0|0|0|0|0|0|1|1|0|1|10
826|14|"CRESPO Hernan"|"Milan"|1|3|1|5.5|0|1|5.5|0|0|0|0|0|0|0|0|0|0|0|0|1|1|0|1|23
827|14|"CRUZ Julio Ricardo"|"Inter"|1|3|0|0|0|0|0|0|0|0|0|0|0|0|0|0|0|0|0|0|0|0|0|9
828|14|"DANILEVICIUS Tomas"|"Livorno"|1|3|1|9.5|0|1|6.5|1|0|0|0|0|0|0|0|0|0|0|0|1|1|0|1|6
829|14|"DEGANO Daniel"|"Parma"|1|3|0|0|0|0|0|0|0|0|0|0|0|0|0|0|0|0|0|0|0|0|0|3
830|14|"DEL PIERO Alessandro"|"Juventus"|1|3|1|5|0|1|5|0|0|0|0|0|0|0|0|0|0|0|0|1|1|0|0|35
831|14|"DELGADO Alfonso Roberto"|"Lazio"|1|3|0|0|0|0|0|0|0|0|0|0|0|0|0|0|0|0|0|0|0|0|1|2
832|14|"DELLA Rocca Luigi"|"Bologna"|0|3|0|0|0|0|0|0|0|0|0|0|0|0|0|0|0|0|0|0|0|0|1|8
833|14|"DELVECCHIO Marco"|"Roma"|1|3|0|0|0|0|0|0|0|0|0|0|0|0|0|0|0|0|0|0|0|0|0|9
834|14|"DI MICHELE David"|"Udinese"|1|3|1|5.5|0|1|6|0|0|0|0|0|1|0|0|0|0|0|0|1|1|0|0|20
835|14|"DI NAPOLI Arturo"|"Messina"|1|3|0|0|0|0|0|0|0|0|0|0|0|0|0|0|0|0|0|0|0|0|1|25
836|14|"DIONIGI Davide"|"Reggina"|1|3|0|0|0|0|0|0|0|0|0|0|0|0|0|0|0|0|0|1|0|0|0|18
837|14|"ESPOSITO Mauro"|"Cagliari"|1|3|1|7|0|1|7|0|0|0|0|0|0|0|0|0|0|0|0|1|1|0|0|24
838|14|"FANTINI Enrico"|"Fiorentina"|1|3|1|5.5|0|1|5.5|0|0|0|0|0|0|0|0|0|0|0|0|1|1|0|0|11
839|14|"FARIAS Ernesto"|"Palermo"|1|3|1|5|0|1|5|0|0|0|0|0|0|0|0|0|0|0|0|1|0|0|0|14
840|14|"FAVA Dino"|"Udinese"|1|3|0|0|0|0|0|0|0|0|0|0|0|0|0|0|0|0|0|0|0|0|0|23
841|14|"FLACHI Francesco"|"Sampdoria"|1|3|1|7|0|1|7|0|0|0|0|0|0|0|0|0|0|0|0|1|1|0|1|21
842|14|"FLO Tore Andre"|"Siena"|1|3|1|6.5|0|1|6.5|0|0|0|0|0|0|0|0|0|0|0|0|1|0|0|1|13
843|14|"GANCI Massimo"|"Reggina"|1|3|0|0|0|0|0|0|0|0|0|0|0|0|0|0|0|0|0|0|0|0|0|9
844|14|"GILARDINO Alberto"|"Parma"|1|3|1|10|0|1|7|1|0|0|0|0|0|0|0|0|0|0|0|1|1|0|0|50
845|14|"GRAFFIEDI Mattia"|"Siena"|1|3|0|0|0|0|0|0|0|0|0|0|0|0|0|0|0|0|0|0|0|0|1|5
846|14|"GRIECO Gaetano"|"Parma"|1|3|0|0|0|0|0|0|0|0|0|0|0|0|0|0|0|0|0|0|0|0|0|2
847|14|"IAQUINTA Vincenzo"|"Udinese"|1|3|1|6|0|1|6|0|0|0|0|0|0|0|0|0|0|0|0|1|1|0|0|22
848|14|"ILIEV Ivica"|"Messina"|1|3|1|6|0|1|6|0|0|0|0|0|0|0|0|0|0|0|0|1|0|0|1|16
849|14|"INACIO Pia' Joao Baptista"|"Atalanta"|1|3|0|0|0|0|0|0|0|0|0|0|0|0|0|0|0|0|0|1|0|0|1|13
850|14|"INZAGHI Filippo"|"Milan"|1|3|0|0|0|0|0|0|0|0|0|0|0|0|0|0|0|0|0|0|0|0|1|12
851|14|"INZAGHI Simone"|"Lazio"|1|3|0|0|0|0|0|0|0|0|0|0|0|0|0|0|0|0|0|1|0|0|1|18
852|14|"JOB Thomas Herve"|"Sampdoria"|0|3|0|0|0|0|0|0|0|0|0|0|0|0|0|0|0|0|0|0|0|0|1|2
853|14|"KONAN Alex Cedric"|"Lecce"|1|3|0|0|0|0|0|0|0|0|0|0|0|0|0|0|0|0|0|1|0|0|0|9
854|14|"KUTUZOV Vitali"|"Sampdoria"|1|3|0|0|0|0|0|0|0|0|0|0|0|0|0|0|0|0|0|0|0|0|1|7
855|14|"LANGELLA Antonio"|"Cagliari"|1|3|1|10.5|0|1|8|1|0|1|0|0|1|0|0|0|0|0|0|1|1|0|0|19
856|14|"LOCATELLI Tomas"|"Bologna"|1|3|1|5.5|0|1|5.5|0|0|0|0|0|0|0|0|0|0|0|0|1|1|0|1|13
857|14|"LUCARELLI Cristiano"|"Livorno"|1|3|1|6.5|0|1|6.5|0|0|0|0|0|0|0|0|0|0|0|0|1|1|0|1|27
858|14|"MANFREDINI Cristian"|"Lazio"|1|3|0|0|0|0|0|0|0|0|0|0|0|0|0|0|0|0|0|0|0|0|1|6
859|14|"MARCHESETTI Mattia"|"Chievo"|1|3|0|0|0|0|0|0|0|0|0|0|0|0|0|0|0|0|0|0|0|0|1|2
860|14|"MARTINS Obafemi"|"Inter"|1|3|0|0|0|0|0|0|0|0|0|0|0|0|0|0|0|0|0|0|0|0|0|25
861|14|"MEGHNI Mourad"|"Bologna"|1|3|1|5.5|0|1|6|0|0|0|0|0|1|0|0|0|0|0|0|1|1|0|1|8
862|14|"MICCOLI Fabrizio"|"Fiorentina"|1|3|1|5|0|1|5.5|0|0|0|0|0|1|0|0|0|0|0|0|1|1|0|0|23
863|14|"MONTELLA Vincenzo"|"Roma"|1|3|1|6.5|0|1|6.5|0|0|0|0|0|0|0|0|0|0|0|0|1|1|0|0|32
865|14|"MUZZI Roberto"|"Lazio"|1|3|1|5.5|0|1|5.5|0|0|0|0|0|0|0|0|0|0|0|0|1|1|0|1|15
866|14|"PAZZINI Giampaolo"|"Atalanta"|1|3|0|0|0|0|0|0|0|0|0|0|0|0|0|0|0|0|0|0|0|0|1|19
867|14|"PELLE' Graziano"|"Lecce"|1|3|0|0|0|0|0|0|0|0|0|0|0|0|0|0|0|0|0|0|0|0|0|2
868|14|"PELLISSIER Sergio"|"Chievo"|1|3|1|9|0|1|6|1|0|0|0|0|0|0|0|0|0|0|0|1|1|0|1|12
869|14|"PORTILLO Javier Garcia"|"Fiorentina"|1|3|0|0|0|0|0|0|0|0|0|0|0|0|0|0|0|0|0|0|0|0|0|18
870|14|"POZZI Nicola"|"Milan"|0|3|0|0|0|0|0|0|0|0|0|0|0|0|0|0|0|0|0|0|0|0|1|5
871|14|"PROTTI Igor"|"Livorno"|1|3|0|0|0|0|0|0|0|0|0|0|0|0|0|0|0|0|0|0|0|0|1|18
872|14|"RASIAK Grzegorz"|"Siena"|0|3|0|0|0|0|0|0|0|0|0|0|0|0|0|0|0|0|0|0|0|0|1|2
873|14|"RECOBA Alvaro"|"Inter"|1|3|0|0|0|0|0|0|0|0|0|0|0|0|0|0|0|0|0|0|0|0|0|20
874|14|"RIGANO' Cristian"|"Fiorentina"|1|3|1|8.5|0|1|5.5|1|0|1|0|0|0|0|0|0|0|0|0|1|1|0|0|11
875|14|"ROSSINI Fausto"|"Sampdoria"|1|3|0|0|0|0|0|0|0|0|0|0|0|0|0|0|0|0|0|1|0|0|1|9
876|14|"SAUDATI Luca"|"Atalanta"|1|3|0|0|0|0|0|0|0|0|0|0|0|0|0|0|0|0|0|0|0|0|1|11
877|14|"SCULLI Giuseppe"|"Brescia"|1|3|1|6|0|1|6|0|0|0|0|0|0|0|0|0|0|0|0|1|1|0|1|15
878|14|"SERAFINI Matteo"|"Siena"|1|3|0|0|0|0|0|0|0|0|0|0|0|0|0|0|0|0|0|1|0|0|1|4
879|14|"SHEVCHENKO Andrij"|"Milan"|1|3|1|6|0|1|6|0|0|0|0|0|0|0|0|0|0|0|0|1|1|0|1|54
880|14|"SONCIN Andrea"|"Fiorentina"|0|3|0|0|0|0|0|0|0|0|0|0|0|0|0|0|0|0|0|0|0|0|0|2
881|14|"SUAZO David Velazquez"|"Cagliari"|1|3|0|0|0|0|0|0|0|0|0|0|0|0|0|0|0|0|0|0|0|0|0|20
882|14|"TARE Igli"|"Bologna"|1|3|0|0|0|0|0|0|0|0|0|0|0|0|0|0|0|0|0|1|0|0|1|13
883|14|"TIRIBOCCHI Simone"|"Chievo"|1|3|0|0|0|0|0|0|0|0|0|0|0|0|0|0|0|0|0|0|0|0|1|16
884|14|"TOMASSON Jon Dahl"|"Milan"|1|3|1|7.5|0|1|6.5|0|0|0|0|1|0|0|0|0|0|0|0|1|0|0|1|17
885|14|"TONI Luca"|"Palermo"|1|3|1|5|0|1|5.5|0|0|0|0|0|1|0|0|0|0|0|0|1|1|0|0|27
886|14|"TOTTI Francesco"|"Roma"|1|3|1|9.5|0|1|7|1|0|0|1|0|1|0|1|0|0|0|0|1|1|0|0|41
887|14|"TREZEGUET David"|"Juventus"|1|3|0|0|0|0|0|0|0|0|0|0|0|0|0|0|0|0|0|0|0|0|0|22
888|14|"VENTOLA Nicola"|"Inter"|0|3|0|0|0|0|0|0|0|0|0|0|0|0|0|0|0|0|0|0|0|0|0|2
889|14|"VIERI Christian"|"Inter"|1|3|1|10|0|1|7|1|0|0|0|0|0|0|0|0|0|0|0|1|1|0|0|34
890|14|"VRYZAS Zisis"|"Fiorentina"|0|3|0|0|0|0|0|0|0|0|0|0|0|0|0|0|0|0|0|0|0|0|0|10
891|14|"VUCINIC Mirko"|"Lecce"|1|3|0|0|0|0|0|0|0|0|0|0|0|0|0|0|0|0|0|0|0|0|0|21
892|14|"VUGRINEC Davor"|"Atalanta"|0|3|0|0|0|0|0|0|0|0|0|0|0|0|0|0|0|0|0|0|0|0|1|4
893|14|"YANAGISAWA Atsushi"|"Messina"|1|3|1|5|0|1|5.5|0|0|0|0|0|1|0|0|0|0|0|0|1|1|0|1|9
894|14|"ZALAYETA Marcelo"|"Juventus"|1|3|1|6|0|1|6|0|0|0|0|0|0|0|0|0|0|0|0|1|0|0|0|13
895|14|"ZAMBRELLA Federico"|"Brescia"|1|3|0|0|0|0|0|0|0|0|0|0|0|0|0|0|0|0|0|0|0|0|1|4
896|14|"ZAMPAGNA Riccardo"|"Messina"|1|3|0|0|0|0|0|0|0|0|0|0|0|0|0|0|0|0|0|0|0|0|1|18
897|14|"ZANIOLO Igor"|"Messina"|0|3|0|0|0|0|0|0|0|0|0|0|0|0|0|0|0|0|0|0|0|0|1|8
898|14|"ZICU Ianis"|"Parma"|1|3|0|0|0|0|0|0|0|0|0|0|0|0|0|0|0|0|0|0|0|0|0|4
899|14|"ZOLA Gianfranco"|"Cagliari"|1|3|1|13.5|0|1|7.5|2|0|0|0|0|0|0|1|0|0|0|0|1|1|0|0|36
900|14|"DI CANIO Paolo"|"Lazio"|1|3|0|0|0|0|0|0|0|0|0|0|0|0|0|0|0|0|0|0|0|0|1|17
901|14|"CHOUTOS Lampros"|"Inter"|1|3|0|0|0|0|0|0|0|0|0|0|0|0|0|0|0|0|0|0|0|0|0|1
902|14|"JADID Abderrazzak"|"Brescia"|1|3|0|0|0|0|0|0|0|0|0|0|0|0|0|0|0|0|0|0|0|0|1|2
903|14|"BJELANOVIC Sasa"|"Lecce"|1|3|1|6|0|1|6|0|0|0|0|0|0|0|0|0|0|0|0|1|1|0|0|14
904|14|"SORRENTINO Tonino"|"Parma"|1|3|0|0|0|0|0|0|0|0|0|0|0|0|0|0|0|0|0|0|0|0|0|4
905|14|"NOMVETHE Siyabonga"|"Udinese"|0|3|0|0|0|0|0|0|0|0|0|0|0|0|0|0|0|0|0|0|0|0|0|5
906|14|"GOITOM Henok"|"Udinese"|1|3|0|0|0|0|0|0|0|0|0|0|0|0|0|0|0|0|0|0|0|0|0|2
907|14|"CARPARELLI Marco"|"Siena"|1|3|1|5|0|1|5|0|0|0|0|0|0|0|0|0|0|0|0|1|0|0|1|5
908|14|"DI PASQUALE Danilo"|"Brescia"|1|3|0|0|0|0|0|0|0|0|0|0|0|0|0|0|0|0|0|0|0|0|1|4
909|14|"LAZZARI Andrea"|"Atalanta"|1|3|1|5|0|1|5|0|0|0|0|0|0|0|0|0|0|0|0|1|1|0|1|6
910|14|"MACCARONE Massimo"|"Parma"|1|3|0|0|0|0|0|0|0|0|0|0|0|0|0|0|0|0|0|0|0|0|0|13
911|14|"SINIGAGLIA Davide"|"Reggina"|0|3|0|0|0|0|0|0|0|0|0|0|0|0|0|0|0|0|0|0|0|0|0|1
912|14|"DI NATALE Antonio"|"Udinese"|1|3|1|10|0|1|7|1|0|1|0|0|0|0|0|0|0|0|0|1|1|0|0|20
913|14|"IBRAHIMOVIC Zlatan"|"Juventus"|1|3|1|9.5|0|1|7|1|0|1|0|0|1|0|0|0|0|0|0|1|1|0|0|39
914|14|"MIDO Hossam"|"Roma"|1|3|0|0|0|0|0|0|0|0|0|0|0|0|0|0|0|0|0|0|0|0|0|22
915|14|"ROCCHI Tommaso"|"Lazio"|1|3|1|5.5|0|1|5.5|0|0|0|0|0|0|0|0|0|0|0|0|1|0|0|1|20
916|14|"AMORUSO Nicola"|"Messina"|1|3|1|2|0|1|5|0|0|0|0|0|0|0|1|0|0|1|0|1|1|0|1|18
917|14|"DE SOUSA"|"Lazio"|1|3|0|0|0|0|0|0|0|0|0|0|0|0|0|0|0|0|0|0|0|0|1|4
918|14|"NYGAARD"|"Brescia"|1|3|0|0|0|0|0|0|0|0|0|0|0|0|0|0|0|0|0|0|0|0|1|2
919|14|"RUOPOLO"|"Parma"|1|3|1|6|0|1|6|0|0|0|0|0|0|0|0|0|0|0|0|1|0|0|0|3
920|14|"SUCCI Davide"|"Chievo"|1|3|0|0|0|0|0|0|0|0|0|0|0|0|0|0|0|0|0|0|0|0|1|2
921|14|"FRAGIELLO Gennaro"|"Bologna"|1|3|0|0|0|0|0|0|0|0|0|0|0|0|0|0|0|0|0|0|0|0|1|2
922|14|"MEGGIORINI Riccardo"|"Inter"|1|3|0|0|0|0|0|0|0|0|0|0|0|0|0|0|0|0|0|0|0|0|0|1
923|14|"BERNARDO Vittorio"|"Messina"|1|3|0|0|0|0|0|0|0|0|0|0|0|0|0|0|0|0|0|1|0|0|1|1
924|14|"PISANU Andrea"|"Parma"|1|3|1|6|0|1|6.5|0|0|0|0|0|1|0|0|0|0|0|0|1|1|0|0|2
