101|17|"ABBIATI Christian"|"Milan"|1|0|0|0|0|0|0|0|0|0|0|0|0|0|0|0|0|0|0|0|0|0|0|4
102|17|"AGLIARDI Federico"|"Brescia"|1|0|0|0|0|0|0|0|0|0|0|0|0|0|0|0|0|0|0|0|0|0|0|4
103|17|"AMELIA Marco"|"Livorno"|1|0|1|4|0|1|6|0|2|0|0|0|0|0|0|2|0|0|0|1|1|0|0|14
104|17|"ANANIA Luca"|"Lecce"|1|0|0|0|0|0|0|0|0|0|0|0|0|0|0|0|0|0|0|0|0|0|1|4
105|17|"ANTONIOLI Francesco"|"Sampdoria"|1|0|1|7|0|1|7|0|0|0|0|0|0|0|0|0|0|0|0|1|1|0|0|21
106|17|"BELARDI Emanuele"|"Reggina"|0|0|0|0|0|0|0|0|0|0|0|0|0|0|0|0|0|0|0|0|0|0|0|3
107|17|"BERTI Gianluca"|"Parma"|1|0|0|0|0|0|0|0|0|0|0|0|0|0|0|0|0|0|0|0|0|0|0|4
108|17|"BIANCHI Emanuele"|"Sampdoria"|0|0|0|0|0|0|0|0|0|0|0|0|0|0|0|0|0|0|0|0|0|0|0|1
109|17|"BONAIUTI Adriano"|"Udinese"|1|0|0|0|0|0|0|0|0|0|0|0|0|0|0|0|0|0|0|0|0|0|1|1
110|17|"BONNEFOI Landry"|"Juventus"|1|0|0|0|0|0|0|0|0|0|0|0|0|0|0|0|0|0|0|0|0|0|1|1
111|17|"BUFFON Gianluigi"|"Juventus"|1|0|1|5|0|1|6|0|1|0|0|0|0|0|0|0|0|0|0|1|1|0|1|26
112|17|"CALDERONI Alex"|"Atalanta"|1|0|0|0|0|0|0|0|0|0|0|0|0|0|0|0|0|0|0|0|0|0|0|1
113|17|"CAPELLO Davide Ugo"|"Cagliari"|1|0|0|0|0|0|0|0|0|0|0|0|0|0|0|0|0|0|0|0|0|0|0|1
114|17|"CASAZZA Fabrizio"|"Lazio"|1|0|0|0|0|0|0|0|0|0|0|0|0|0|0|0|0|0|0|0|0|0|0|1
115|17|"CASTELLAZZI Luca"|"Brescia"|1|0|1|5|0|1|6|0|1|0|0|0|0|0|0|0|0|0|0|1|1|0|0|11
116|17|"CEJAS Christian S."|"Fiorentina"|1|0|0|0|0|0|0|0|0|0|0|0|0|0|0|0|0|0|0|0|0|0|1|3
117|17|"CHIMENTI Antonio"|"Juventus"|1|0|0|0|0|0|0|0|0|0|0|0|0|0|0|0|0|0|0|0|0|0|1|1
118|17|"COPPOLA Ferdinando"|"Reggina"|0|0|0|0|0|0|0|0|0|0|0|0|0|0|0|0|0|0|0|0|0|0|0|1
119|17|"CORDAZ Alex"|"Inter"|1|0|0|0|0|0|0|0|0|0|0|0|0|0|0|0|0|0|0|0|0|0|1|1
120|17|"DE SANCTIS Morgan"|"Udinese"|1|0|1|2.5|0|1|6.5|0|2|0|0|0|0|0|0|0|0|0|1|1|1|0|1|21
121|17|"DIDA Nelson de Jesus Silva"|"Milan"|1|0|1|4|0|1|6|0|2|0|0|0|0|0|0|0|0|0|0|1|1|0|0|24
122|17|"ELEFTHEROPOULOS Dimitris"|"Messina"|1|0|0|0|0|0|0|0|0|0|0|0|0|0|0|0|0|0|0|0|0|0|1|7
123|17|"FIORI Valerio"|"Milan"|1|0|0|0|0|0|0|0|0|0|0|0|0|0|0|0|0|0|0|0|0|0|0|1
124|17|"FONTANA Alberto"|"Inter"|1|0|0|0|0|0|0|0|0|0|0|0|0|0|0|0|0|0|0|0|0|0|1|5
125|17|"FORTIN Marco"|"Siena"|1|0|1|5|0|1|6|0|1|0|0|0|0|0|0|0|0|0|0|1|1|0|1|11
126|17|"FREY Sebastien"|"Parma"|1|0|1|6.5|0|1|7.5|0|1|0|0|0|0|0|0|0|0|0|0|1|1|0|0|15
127|17|"GRECO Alessandro"|"Messina"|0|0|0|0|0|0|0|0|0|0|0|0|0|0|0|0|0|0|0|0|0|0|1|1
128|17|"IEZZO  Gennaro"|"Cagliari"|1|0|1|4.5|0|1|5.5|0|1|0|0|0|0|0|0|0|0|0|0|1|1|0|0|1
129|17|"KATERGIANNAKIS Theofanis"|"Cagliari"|1|0|0|0|0|0|0|0|0|0|0|0|0|0|0|0|0|0|0|0|0|0|0|12
130|17|"LIPPI Guido"|"Chievo"|0|0|0|0|0|0|0|0|0|0|0|0|0|0|0|0|0|0|0|0|0|0|0|1
131|17|"LUPATELLI Cristiano"|"Fiorentina"|1|0|0|0|0|0|0|0|0|0|0|0|0|0|0|0|0|0|0|0|0|0|1|15
132|17|"MANNINGER Alexander"|"Siena"|1|0|0|0|0|0|0|0|0|0|0|0|0|0|0|0|0|0|0|0|0|0|1|4
133|17|"MARCHEGIANI Luca"|"Chievo"|1|0|1|2|0|1|5|0|3|0|0|0|0|0|0|0|0|0|0|1|1|0|0|17
134|17|"MARCON Sergio"|"Chievo"|1|0|0|0|0|0|0|0|0|0|0|0|0|0|0|0|0|0|0|0|0|0|0|1
135|17|"MAREGGINI Gian Matteo"|"Livorno"|1|0|0|0|0|0|0|0|0|0|0|0|0|0|0|0|0|0|0|0|0|0|0|1
136|17|"PAGLIUCA Gianluca"|"Bologna"|1|0|1|5.5|0|1|6.5|0|1|0|0|0|0|0|0|1|0|0|0|1|1|0|1|20
137|17|"PANSERA Andrea"|"Bologna"|1|0|0|0|0|0|0|0|0|0|0|0|0|0|0|0|0|0|0|0|0|0|1|1
138|17|"PAVARINI Nicola"|"Reggina"|1|0|1|5.5|0|1|6|0|0|0|0|0|1|0|0|0|0|0|0|1|1|0|0|12
139|17|"PELIZZOLI Ivan"|"Roma"|1|0|1|2|0|1|5|0|3|0|0|0|0|0|0|0|0|0|0|1|1|0|1|14
140|17|"PERUZZI Angelo"|"Lazio"|1|0|1|5|0|1|6|0|1|0|0|0|0|0|0|0|0|0|0|1|1|0|0|9
141|17|"ROCCATI Marco"|"Fiorentina"|1|0|1|5.5|0|1|6.5|0|1|0|0|0|0|0|0|0|0|0|0|1|1|0|1|1
142|17|"ROSATI Antonio"|"Lecce"|1|0|0|0|0|0|0|0|0|0|0|0|0|0|0|0|0|0|0|0|0|0|1|1
143|17|"SANTONI Nicola"|"Palermo"|1|0|0|0|0|0|0|0|0|0|0|0|0|0|0|0|0|0|0|0|0|0|1|3
144|17|"SERENI Matteo"|"Lazio"|1|0|0|0|0|0|0|0|0|0|0|0|0|0|0|0|0|0|0|0|0|0|0|10
145|17|"SICIGNANO Vincenzo"|"Lecce"|1|0|1|1.5|0|1|6.5|0|5|0|0|0|0|0|0|0|0|0|0|1|1|0|1|10
146|17|"STORARI Marco"|"Messina"|1|0|1|7.5|0|1|6.5|0|2|0|0|0|0|0|0|1|1|0|0|1|1|0|1|6
147|17|"TAIBI Massimo"|"Atalanta"|1|0|1|6|0|1|6|0|0|0|0|0|0|0|0|0|0|0|0|1|1|0|0|15
148|17|"TOLDO Francesco"|"Inter"|1|0|1|6.5|0|1|6.5|0|0|0|0|0|0|0|0|0|0|0|0|1|1|0|1|14
149|17|"TURCI Luigi"|"Sampdoria"|1|0|0|0|0|0|0|0|0|0|0|0|0|0|0|0|0|0|0|0|0|0|0|1
150|17|"VANIN Giordano"|"Parma"|1|0|0|0|0|0|0|0|0|0|0|0|0|0|0|0|0|0|0|0|0|0|0|1
151|17|"ZANCOPE' Adriano"|"Siena"|1|0|0|0|0|0|0|0|0|0|0|0|0|0|0|0|0|0|0|0|0|0|1|1
152|17|"ZOTTI Carlo"|"Roma"|1|0|0|0|0|0|0|0|0|0|0|0|0|0|0|0|0|0|0|0|0|0|1|1
153|17|"LEJSAL Martin"|"Reggina"|0|0|0|0|0|0|0|0|0|0|0|0|0|0|0|0|0|0|0|0|0|0|0|1
154|17|"SOVIERO Salvatore"|"Reggina"|1|0|0|0|0|0|0|0|0|0|0|0|0|0|0|0|0|0|0|0|0|0|0|5
155|17|"GUARDALBEN Matteo"|"Palermo"|1|0|1|4.5|0|1|5.5|0|1|0|0|0|0|0|0|0|0|0|0|1|1|0|1|19
156|17|"HANDANOVIC Samir"|"Udinese"|1|0|0|0|0|0|0|0|0|0|0|0|0|0|0|0|0|0|0|0|0|0|1|1
157|17|"CARINI Fabian"|"Inter"|1|0|0|0|0|0|0|0|0|0|0|0|0|0|0|0|0|0|0|0|0|0|1|1
158|17|"COMI Paolo"|"Palermo"|1|0|0|0|0|0|0|0|0|0|0|0|0|0|0|0|0|0|0|0|0|0|1|1
159|17|"CURCI Gianluca"|"Roma"|1|0|0|0|0|0|0|0|0|0|0|0|0|0|0|0|0|0|0|0|0|0|1|1
160|17|"PADELLI"|"Sampdoria"|1|0|0|0|0|0|0|0|0|0|0|0|0|0|0|0|0|0|0|0|0|0|0|1
161|17|"CODOGNOLA Paolo"|"Chievo"|1|0|0|0|0|0|0|0|0|0|0|0|0|0|0|0|0|0|0|0|0|0|0|1
162|17|"MAZZONI Luca"|"Livorno"|1|0|0|0|0|0|0|0|0|0|0|0|0|0|0|0|0|0|0|0|0|0|0|1
163|17|"CAGLIONI Nicholas"|"Atalanta"|1|0|0|0|0|0|0|0|0|0|0|0|0|0|0|0|0|0|0|0|0|0|0|1
164|17|"MARZI Alberto"|"Bologna"|0|0|0|0|0|0|0|0|0|0|0|0|0|0|0|0|0|0|0|0|0|0|1|1
165|17|"GIRELLI Livio"|"Brescia"|1|0|0|0|0|0|0|0|0|0|0|0|0|0|0|0|0|0|0|0|0|0|0|1
166|17|"MARINO Pietro"|"Reggina"|1|0|0|0|0|0|0|0|0|0|0|0|0|0|0|0|0|0|0|0|0|0|0|1
167|17|"FERRON Fabrizio"|"Bologna"|1|0|0|0|0|0|0|0|0|0|0|0|0|0|0|0|0|0|0|0|0|0|1|1
168|17|"SANTORO Giuseppe"|"Messina"|0|0|0|0|0|0|0|0|0|0|0|0|0|0|0|0|0|0|0|0|0|0|1|1
169|17|"SORRISO Raffaele"|"Messina"|1|0|0|0|0|0|0|0|0|0|0|0|0|0|0|0|0|0|0|0|0|0|1|1
201|17|"ABRUZZESE Giuseppe"|"Lecce"|1|1|0|0|0|0|0|0|0|0|0|0|0|0|0|0|0|0|0|0|0|0|1|3
202|17|"ACCARDI Piero"|"Palermo"|1|1|1|5|0|1|5.5|0|0|0|0|0|1|0|0|0|0|0|0|1|1|0|1|1
203|17|"ACCURSI Salvatore"|"Messina"|0|1|0|0|0|0|0|0|0|0|0|0|0|0|0|0|0|0|0|0|0|0|1|1
204|17|"ADANI Daniele"|"Brescia"|1|1|0|0|0|0|0|0|0|0|0|0|0|0|0|0|0|0|0|0|0|0|0|4
205|17|"AGOSTINI Alessandro"|"Cagliari"|1|1|1|6.5|0|1|6.5|0|0|0|0|0|0|0|0|0|0|0|0|1|1|0|0|7
206|17|"ALVAREZ Edgar Anthony"|"Cagliari"|1|1|0|0|0|0|0|0|0|0|0|0|0|0|0|0|0|0|0|1|0|0|0|2
207|17|"AQUILANTI Antonio"|"Fiorentina"|1|1|0|0|0|0|0|0|0|0|0|0|0|0|0|0|0|0|0|0|0|0|1|1
208|17|"ARONICA Salvatore"|"Messina"|1|1|1|6|0|1|6|0|0|0|0|0|0|0|0|0|0|0|0|1|1|0|1|1
210|17|"BAGGIO Dino"|"Lazio"|1|1|0|0|0|0|0|0|0|0|0|0|0|0|0|0|0|0|0|0|0|0|0|2
211|17|"BALESTRI Jacopo"|"Reggina"|1|1|1|6|0|1|6|0|0|0|0|0|0|0|0|0|0|0|0|1|1|0|0|6
212|17|"BALLERI David"|"Livorno"|1|1|0|0|0|0|0|0|0|0|0|0|0|0|0|0|0|0|0|0|0|0|0|5
213|17|"BARZAGLI Andrea"|"Palermo"|1|1|1|6|0|1|6|0|0|0|0|0|0|0|0|0|0|0|0|1|1|0|1|12
214|17|"BELLINI Giampaolo"|"Atalanta"|1|1|1|4.5|0|1|5|0|0|0|0|0|1|0|0|0|0|0|0|1|1|0|0|5
215|17|"BERTOTTO Valerio"|"Udinese"|1|1|1|5|0|1|5|0|0|0|0|0|0|0|0|0|0|0|0|1|1|0|1|7
216|17|"BIAVA Giuseppe"|"Palermo"|1|1|0|0|0|0|0|0|0|0|0|0|0|0|0|0|0|0|0|0|0|0|1|8
217|17|"BIRINDELLI Alessandro"|"Juventus"|1|1|0|0|0|0|0|0|0|0|0|0|0|0|0|0|0|0|0|0|0|0|1|4
218|17|"BONERA Daniele"|"Parma"|1|1|1|5.5|0|1|5.5|0|0|0|0|0|0|0|0|0|0|0|0|1|1|0|0|9
219|17|"BONOMI Simone"|"Siena"|0|1|0|0|0|0|0|0|0|0|0|0|0|0|0|0|0|0|0|0|0|0|1|2
220|17|"BOVO Cesare"|"Parma"|1|1|1|5|0|1|5|0|0|0|0|0|0|0|0|0|0|0|0|1|1|0|0|5
221|17|"BURDISSO Nicolas Andres"|"Inter"|1|1|1|6|0|1|6|0|0|0|0|0|0|0|0|0|0|0|0|1|1|0|1|4
222|17|"CAFU Marcos"|"Milan"|1|1|1|6.5|0|1|6.5|0|0|0|0|0|0|0|0|0|0|0|0|1|1|0|0|11
223|17|"CANDELA Vincent"|"Roma"|1|1|0|0|0|0|0|0|0|0|0|0|0|0|0|0|0|0|0|1|0|0|1|3
224|17|"CANNARSA Juri"|"Reggina"|1|1|1|6|0|1|6|0|0|0|0|0|0|0|0|0|0|0|0|1|1|0|0|6
225|17|"CANNAVARO Fabio"|"Juventus"|1|1|1|6.5|0|1|6.5|0|0|0|0|0|0|0|0|0|0|0|0|1|1|0|1|15
226|17|"CANNAVARO Paolo"|"Parma"|1|1|1|5.5|0|1|5.5|0|0|0|0|0|0|0|0|0|0|0|0|1|1|0|0|8
227|17|"CAPUANO Ciro"|"Bologna"|1|1|1|6|0|1|6|0|0|0|0|0|0|0|0|0|0|0|0|1|0|0|1|3
228|17|"CARDONE Giuseppe"|"Parma"|1|1|0|0|0|0|0|0|0|0|0|0|0|0|0|0|0|0|0|0|0|0|0|3
229|17|"CARROZZIERI Morris"|"Sampdoria"|1|1|0|0|0|0|0|0|0|0|0|0|0|0|0|0|0|0|0|0|0|0|0|4
230|17|"CASTELLINI Marcello"|"Sampdoria"|1|1|1|7|0|1|7|0|0|0|0|0|0|0|0|0|0|0|0|1|1|0|0|7
231|17|"CESAR Vinicio Cervo de Luca"|"Chievo"|1|1|0|0|0|0|0|0|0|0|0|0|0|0|0|0|0|0|0|0|0|0|0|1
232|17|"CHIELLINI Giorgio"|"Fiorentina"|1|1|1|6|0|1|6|0|0|0|0|0|0|0|0|0|0|0|0|1|1|0|1|8
233|17|"CHIVU Cristian"|"Roma"|1|1|0|0|0|0|0|0|0|0|0|0|0|0|0|0|0|0|0|0|0|0|1|4
234|17|"CIRILLO Bruno"|"Siena"|1|1|1|5.5|0|1|6|0|0|0|0|0|1|0|0|0|0|0|0|1|1|0|1|4
235|17|"COCO Francesco"|"Inter"|1|1|0|0|0|0|0|0|0|0|0|0|0|0|0|0|0|0|0|0|0|0|1|3
236|17|"COLONNESE Francesco"|"Siena"|1|1|0|0|0|0|0|0|0|0|0|0|0|0|0|0|0|0|0|0|0|0|1|4
237|17|"CONTE Mirko"|"Messina"|0|1|0|0|0|0|0|0|0|0|0|0|0|0|0|0|0|0|0|0|0|0|1|4
238|17|"CONTEH Kewullay"|"Palermo"|1|1|0|0|0|0|0|0|0|0|0|0|0|0|0|0|0|0|0|0|0|0|1|2
239|17|"CONTINI Matteo"|"Parma"|1|1|0|0|0|0|0|0|0|0|0|0|0|0|0|0|0|0|0|0|0|0|0|1
240|17|"CORDOBA Ivan Ramiro"|"Inter"|1|1|0|0|0|0|0|0|0|0|0|0|0|0|0|0|0|0|0|0|0|0|1|9
241|17|"COSTACURTA Alessandro"|"Milan"|1|1|0|0|0|0|0|0|0|0|0|0|0|0|0|0|0|0|0|0|0|0|0|4
242|17|"CUFRE' Leandro"|"Roma"|1|1|1|5|0|1|5.5|0|0|0|0|0|1|0|0|0|0|0|0|1|1|0|1|6
243|17|"DAINELLI Dario"|"Fiorentina"|1|1|0|0|0|0|0|0|0|0|0|0|0|0|0|0|0|0|0|0|0|0|1|10
244|17|"DAINO Daniele"|"Bologna"|1|1|0|0|0|0|0|0|0|0|0|0|0|0|0|0|0|0|0|0|0|0|1|4
245|17|"D'ANNA Lorenzo"|"Chievo"|1|1|1|5.5|0|1|5|0|0|0|0|1|1|0|0|0|0|0|0|1|1|0|0|8
246|17|"DE ROSA Gaetano"|"Reggina"|1|1|1|6|0|1|6|0|0|0|0|0|0|0|0|0|0|0|0|1|1|0|0|8
247|17|"DE VACA José"|"Udinese"|1|1|0|0|0|0|0|0|0|0|0|0|0|0|0|0|0|0|0|0|0|0|1|1
248|17|"DELLAS Traianos"|"Roma"|1|1|1|5.5|0|1|5.5|0|0|0|0|0|0|0|0|0|0|0|0|1|1|0|1|6
249|17|"DELLI CARRI Daniele"|"Fiorentina"|1|1|0|0|0|0|0|0|0|0|0|0|0|0|0|0|0|0|0|0|0|0|1|4
250|17|"DI BIAGIO Luigi"|"Brescia"|1|1|1|9.5|0|1|6.5|1|0|0|1|0|0|0|1|0|0|0|0|1|1|0|0|16
251|17|"DIAMOUTENE Seuleyman"|"Lecce"|1|1|0|0|0|0|0|0|0|0|0|0|0|0|0|0|0|0|0|0|0|0|1|2
252|17|"DOMIZZI Maurizio"|"Brescia"|1|1|0|0|0|0|0|0|0|0|0|0|0|0|0|0|0|0|0|0|0|0|0|7
253|17|"ESTEVES Ricardo"|"Reggina"|1|1|0|0|0|0|0|0|0|0|0|0|0|0|0|0|0|0|0|1|0|0|0|1
254|17|"FALCONE Giulio"|"Sampdoria"|1|1|1|6.5|0|1|6.5|0|0|0|0|0|0|0|0|0|0|0|0|1|1|0|0|11
255|17|"FALSINI Gianluca"|"Siena"|1|1|1|6|0|1|6|0|0|0|0|0|0|0|0|0|0|0|0|1|1|0|1|6
256|17|"FANUCCI Stefano"|"Livorno"|0|1|0|0|0|0|0|0|0|0|0|0|0|0|0|0|0|0|0|0|0|0|0|1
257|17|"FAVALLI Giuseppe"|"Inter"|1|1|1|5|0|1|5|0|0|0|0|0|0|0|0|0|0|0|0|1|1|0|1|11
258|17|"FELIPE"|"Udinese"|1|1|1|6|0|1|6|0|0|0|0|0|0|0|0|0|0|0|0|1|1|0|1|5
259|17|"FERRARA Ciro"|"Juventus"|1|1|0|0|0|0|0|0|0|0|0|0|0|0|0|0|0|0|0|0|0|0|1|4
260|17|"FERRARI Matteo"|"Roma"|1|1|1|6|0|1|6|0|0|0|0|0|0|0|0|0|0|0|0|1|1|0|1|9
261|17|"FERRI Michele"|"Palermo"|1|1|0|0|0|0|0|0|0|0|0|0|0|0|0|0|0|0|0|1|0|0|1|1
262|17|"FERRONETTI Damiano"|"Parma"|1|1|1|5.5|0|1|5.5|0|0|0|0|0|0|0|0|0|0|0|0|1|1|0|0|4
263|17|"FOGLIO Paolo"|"Siena"|1|1|0|0|0|0|0|0|0|0|0|0|0|0|0|0|0|0|0|1|0|0|1|1
264|17|"FRANCESCHINI Ivan"|"Reggina"|1|1|1|6.5|0|1|6.5|0|0|0|0|0|0|0|0|0|0|0|0|1|1|0|0|7
265|17|"FUSCO Luca"|"Messina"|1|1|0|0|0|0|0|0|0|0|0|0|0|0|0|0|0|0|0|0|0|0|1|3
266|17|"GAMARRA Carlos Alberto"|"Inter"|1|1|0|0|0|0|0|0|0|0|0|0|0|0|0|0|0|0|0|0|0|0|1|2
267|17|"GAMBERINI Alessandro"|"Bologna"|1|1|1|6.5|0|1|6.5|0|0|0|0|0|0|0|0|0|0|0|0|1|1|0|1|1
268|17|"GASTALDELLO Daniele"|"Chievo"|0|1|0|0|0|0|0|0|0|0|0|0|0|0|0|0|0|0|0|0|0|0|0|3
269|17|"GONNELLA Natale"|"Atalanta"|1|1|0|0|0|0|0|0|0|0|0|0|0|0|0|0|0|0|0|0|0|0|0|5
270|17|"GRANDONI Alessandro"|"Livorno"|1|1|0|0|0|0|0|0|0|0|0|0|0|0|0|0|0|0|0|0|0|0|0|4
271|17|"GROSSO Fabio"|"Palermo"|1|1|0|0|0|0|0|0|0|0|0|0|0|0|0|0|0|0|0|0|0|0|1|13
272|17|"INNOCENTI Duccio"|"Atalanta"|1|1|0|0|0|0|0|0|0|0|0|0|0|0|0|0|0|0|0|0|0|0|0|4
273|17|"IULIANO Mark"|"Juventus"|1|1|0|0|0|0|0|0|0|0|0|0|0|0|0|0|0|0|0|0|0|0|1|4
274|17|"JUAREZ De Souza"|"Bologna"|1|1|1|5|0|1|6|0|0|0|0|0|0|1|0|0|0|0|0|1|1|0|1|5
275|17|"KALADZE Kakha"|"Milan"|1|1|0|0|0|0|0|0|0|0|0|0|0|0|0|0|0|0|0|0|0|0|0|7
276|17|"KROLDRUP Per"|"Udinese"|1|1|0|0|0|0|0|0|0|0|0|0|0|0|0|0|0|0|0|0|0|0|1|9
277|17|"LANNA Salvatore"|"Chievo"|1|1|0|0|0|0|0|0|0|0|0|0|0|0|0|0|0|0|0|0|0|0|0|8
278|17|"LANZARO Maurizio"|"Roma"|0|1|0|0|0|0|0|0|0|0|0|0|0|0|0|0|0|0|0|0|0|0|1|2
279|17|"LEGROTTAGLIE Nicola"|"Juventus"|1|1|0|0|0|0|0|0|0|0|0|0|0|0|0|0|0|0|0|0|0|0|1|3
280|17|"LOPEZ Diego"|"Cagliari"|1|1|1|5.5|0|1|5.5|0|0|0|0|0|0|0|0|0|0|0|0|1|1|0|0|6
281|17|"LORENZI Stefano"|"Atalanta"|0|1|0|0|0|0|0|0|0|0|0|0|0|0|0|0|0|0|0|0|0|0|0|4
282|17|"LORIA Simone"|"Cagliari"|1|1|0|0|0|0|0|0|0|0|0|0|0|0|0|0|0|0|0|0|0|0|0|6
283|17|"LUCARELLI Alessandro"|"Livorno"|1|1|1|4.5|0|1|5|0|0|0|0|0|1|0|0|0|0|0|0|1|1|0|0|8
284|17|"MALAGO' Marco"|"Chievo"|1|1|1|5|0|1|5|0|0|0|0|0|0|0|0|0|0|0|0|1|1|0|0|1
285|17|"MALDINI Paolo"|"Milan"|1|1|1|6|0|1|6|0|0|0|0|0|0|0|0|0|0|0|0|1|1|0|0|17
286|17|"MALTAGLIATI Roberto"|"Cagliari"|1|1|1|5.5|0|1|5.5|0|0|0|0|0|0|0|0|0|0|0|0|1|1|0|0|6
287|17|"MANDELLI Davide"|"Chievo"|1|1|1|5|0|1|5|0|0|0|0|0|0|0|0|0|0|0|0|1|1|0|0|7
288|17|"MANFREDINI Thomas"|"Udinese"|0|1|0|0|0|0|0|0|0|0|0|0|0|0|0|0|0|0|0|0|0|0|1|3
289|17|"MARECO Victor Hugo"|"Brescia"|1|1|0|0|0|0|0|0|0|0|0|0|0|0|0|0|0|0|0|0|0|0|0|5
290|17|"MARTINEZ George"|"Reggina"|0|1|0|0|0|0|0|0|0|0|0|0|0|0|0|0|0|0|0|0|0|0|0|1
291|17|"MARTINEZ VIDAL Gilberto"|"Brescia"|1|1|1|6|0|1|6|0|0|0|0|0|0|0|0|0|0|0|0|1|1|0|0|11
292|17|"MATERAZZI Marco"|"Inter"|1|1|1|6.5|0|1|6.5|0|0|0|0|0|0|0|0|0|0|0|0|1|0|0|1|14
293|17|"MELARA Matteo"|"Livorno"|1|1|0|0|0|0|0|0|0|0|0|0|0|0|0|0|0|0|0|0|0|0|0|6
294|17|"MENSAH John"|"Chievo"|1|1|0|0|0|0|0|0|0|0|0|0|0|0|0|0|0|0|0|0|0|0|0|1
295|17|"MEXES Philippe"|"Roma"|1|1|1|5|0|1|5|0|0|0|0|0|0|0|0|0|0|0|0|1|1|0|1|13
296|17|"MICOLUCCI Vittorio"|"Udinese"|0|1|0|0|0|0|0|0|0|0|0|0|0|0|0|0|0|0|0|0|0|0|1|1
297|17|"MIGNANI Michele"|"Siena"|1|1|0|0|0|0|0|0|0|0|0|0|0|0|0|0|0|0|0|0|0|0|1|4
298|17|"MIHAJLOVIC Sinisa"|"Inter"|1|1|1|6|0|1|6|0|0|0|0|0|0|0|0|0|0|0|0|1|1|0|1|11
299|17|"MINELLI Mauro"|"Atalanta"|0|1|0|0|0|0|0|0|0|0|0|0|0|0|0|0|0|0|0|0|0|0|0|3
300|17|"MONTERO Paolo"|"Juventus"|1|1|1|4.5|0|1|5|0|0|0|0|0|1|0|0|0|0|0|0|1|1|0|1|3
301|17|"MORO Fabio"|"Chievo"|1|1|1|5.5|0|1|5.5|0|0|0|0|0|0|0|0|0|0|0|0|1|1|0|0|5
302|17|"NASTASE Valentin V."|"Bologna"|1|1|1|6|0|1|6|0|0|0|0|0|0|0|0|0|0|0|0|1|1|0|1|4
303|17|"NATALI Cesare"|"Atalanta"|1|1|1|6|0|1|6|0|0|0|0|0|0|0|0|0|0|0|0|1|1|0|0|13
304|17|"NEGRO Paolo"|"Lazio"|1|1|0|0|0|0|0|0|0|0|0|0|0|0|0|0|0|0|0|0|0|0|0|4
305|17|"NESTA Alessandro"|"Milan"|1|1|1|5|0|1|6|0|0|0|0|0|0|1|0|0|0|0|0|1|1|0|0|19
306|17|"ODDO Massimo"|"Lazio"|1|1|1|6.5|0|1|6.5|0|0|0|0|0|0|0|0|0|0|0|0|1|1|0|0|12
307|17|"OYOLA Gabriel Gaston"|"Parma"|0|1|0|0|0|0|0|0|0|0|0|0|0|0|0|0|0|0|0|0|0|0|0|1
308|17|"PACI Massimo"|"Lecce"|1|1|1|3.5|0|1|4|0|0|0|0|0|1|0|0|0|0|0|0|1|1|0|1|3
309|17|"PANCARO Giuseppe"|"Milan"|1|1|1|6|0|1|6|0|0|0|0|0|0|0|0|0|0|0|0|1|1|0|0|8
310|17|"PANUCCI Christian"|"Roma"|1|1|1|7.5|0|1|6.5|0|0|0|0|1|0|0|0|0|0|0|0|1|1|0|1|11
311|17|"PARISI Alessandro"|"Messina"|1|1|0|0|0|0|0|0|0|0|0|0|0|0|0|0|0|0|0|0|0|0|1|15
312|17|"PASQUALE Giovanni"|"Inter"|1|1|0|0|0|0|0|0|0|0|0|0|0|0|0|0|0|0|0|0|0|0|1|1
313|17|"PAVAN Simone"|"Sampdoria"|1|1|0|0|0|0|0|0|0|0|0|0|0|0|0|0|0|0|0|0|0|0|0|1
314|17|"PERNA Armando"|"Livorno"|0|1|0|0|0|0|0|0|0|0|0|0|0|0|0|0|0|0|0|0|0|0|0|1
315|17|"PESARESI Emanuele"|"Chievo"|1|1|0|0|0|0|0|0|0|0|0|0|0|0|0|0|0|0|0|0|0|0|0|1
316|17|"PESSOTTO Gianluca"|"Juventus"|1|1|0|0|0|0|0|0|0|0|0|0|0|0|0|0|0|0|0|0|0|0|1|5
317|17|"PETRUZZI Fabio"|"Bologna"|1|1|0|0|0|0|0|0|0|0|0|0|0|0|0|0|0|0|0|0|0|0|1|10
318|17|"PFERTZEL Marc"|"Livorno"|1|1|1|5|0|1|5|0|0|0|0|0|0|0|0|0|0|0|0|1|0|0|0|6
319|17|"PICCOLO Felice"|"Reggina"|1|1|0|0|0|0|0|0|0|0|0|0|0|0|0|0|0|0|0|0|0|0|0|3
320|17|"PIERINI Alessandro"|"Udinese"|0|1|0|0|0|0|0|0|0|0|0|0|0|0|0|0|0|0|0|0|0|0|1|1
321|17|"PISANO Marco"|"Sampdoria"|1|1|1|6.5|0|1|6.5|0|0|0|0|0|0|0|0|0|0|0|0|1|1|0|0|1
323|17|"POTENZA Alessandro"|"Parma"|1|1|1|5.5|0|1|5.5|0|0|0|0|0|0|0|0|0|0|0|0|1|1|0|0|5
324|17|"RAFAEL Pereira da Silva"|"Messina"|1|1|0|0|0|0|0|0|0|0|0|0|0|0|0|0|0|0|0|1|0|0|1|5
325|17|"REZAEI Rahman"|"Messina"|1|1|1|4.5|0|1|5|0|0|0|0|0|1|0|0|0|0|0|0|1|1|0|1|6
326|17|"RIVALTA Claudio"|"Atalanta"|1|1|1|5|0|1|5|0|0|0|0|0|0|0|0|0|0|0|0|1|1|0|0|1
327|17|"RULLO Erminio"|"Lecce"|1|1|1|4|0|1|4|0|0|0|0|0|0|0|0|0|0|0|0|1|1|0|1|4
328|17|"RUSTICO Fabio"|"Atalanta"|1|1|0|0|0|0|0|0|0|0|0|0|0|0|0|0|0|0|0|0|0|0|0|2
329|17|"SABATO Rocco"|"Cagliari"|1|1|0|0|0|0|0|0|0|0|0|0|0|0|0|0|0|0|0|0|0|0|0|1
330|17|"SACCHETTI Stefano"|"Sampdoria"|1|1|0|0|0|0|0|0|0|0|0|0|0|0|0|0|0|0|0|0|0|0|0|4
331|17|"SALA Luigi"|"Atalanta"|1|1|1|6|0|1|6|0|0|0|0|0|0|0|0|0|0|0|0|1|1|0|0|5
332|17|"SANTOS Gleison"|"Atalanta"|1|1|0|0|0|0|0|0|0|0|0|0|0|0|0|0|0|0|0|0|0|0|0|1
333|17|"SARTOR Luigi"|"Roma"|1|1|0|0|0|0|0|0|0|0|0|0|0|0|0|0|0|0|0|0|0|0|1|2
334|17|"SAVINI Mirko"|"Fiorentina"|1|1|1|4|0|1|4|0|0|0|0|0|0|0|0|0|0|0|0|1|1|0|1|4
335|17|"SENSINI Nestor"|"Udinese"|1|1|1|5.5|0|1|5.5|0|0|0|0|0|0|0|0|0|0|0|0|1|1|0|1|13
336|17|"SILVESTRI Cristian"|"Lecce"|1|1|0|0|0|0|0|0|0|0|0|0|0|0|0|0|0|0|0|0|0|0|1|3
337|17|"SIMIC Dario"|"Milan"|1|1|0|0|0|0|0|0|0|0|0|0|0|0|0|0|0|0|0|0|0|0|0|2
338|17|"SIVIGLIA Sebastiano"|"Lazio"|1|1|0|0|0|0|0|0|0|0|0|0|0|0|0|0|0|0|0|0|0|0|0|4
339|17|"SMIT Vlado"|"Bologna"|1|1|0|0|0|0|0|0|0|0|0|0|0|0|0|0|0|0|0|0|0|0|1|3
340|17|"SOTTIL Andrea"|"Udinese"|0|1|0|0|0|0|0|0|0|0|0|0|0|0|0|0|0|0|0|0|0|0|1|4
341|17|"STAM Jaap"|"Milan"|1|1|0|0|0|0|0|0|0|0|0|0|0|0|0|0|0|0|0|0|0|0|0|4
342|17|"STANKEVICIUS Marius"|"Brescia"|1|1|1|7|0|1|7|0|0|0|0|0|0|0|0|0|0|0|0|1|1|0|0|7
343|17|"STOVINI Lorenzo"|"Lecce"|1|1|1|5|0|1|5|0|0|0|0|0|0|0|0|0|0|0|0|1|1|0|1|9
344|17|"SUSSI Andrea"|"Bologna"|1|1|1|5.5|0|1|5.5|0|0|0|0|0|0|0|0|0|0|0|0|1|1|0|1|7
345|17|"TERLIZZI Christian"|"Palermo"|1|1|1|5.5|0|1|6|0|0|0|0|0|1|0|0|0|0|0|0|1|1|0|1|1
346|17|"TERZI Claudio"|"Bologna"|0|1|0|0|0|0|0|0|0|0|0|0|0|0|0|0|0|0|0|0|0|0|1|1
347|17|"THURAM Lilian"|"Juventus"|1|1|0|0|0|0|0|0|0|0|0|0|0|0|0|0|0|0|0|0|0|0|1|12
348|17|"TONETTO Max"|"Sampdoria"|1|1|1|6|0|1|6.5|0|0|0|0|0|1|0|0|0|0|0|0|1|1|0|0|12
349|17|"TUDOR Igor"|"Juventus"|1|1|0|0|0|0|0|0|0|0|0|0|0|0|0|0|0|0|0|0|0|0|1|4
350|17|"UJFALUSI Tomas"|"Fiorentina"|1|1|1|7|0|1|7|0|0|0|0|0|0|0|0|0|0|0|0|1|1|0|1|13
351|17|"VANIGLI Richard"|"Livorno"|0|1|0|0|0|0|0|0|0|0|0|0|0|0|0|0|0|0|0|0|0|0|0|3
352|17|"VARGAS Jeorge"|"Livorno"|1|1|1|6|0|1|6|0|0|0|0|0|0|0|0|0|0|0|0|1|1|0|0|7
353|17|"VIALI William"|"Fiorentina"|1|1|1|4.5|0|1|5|0|0|0|0|0|1|0|0|0|0|0|0|1|1|0|1|5
354|17|"ZACCARDO Cristian"|"Palermo"|1|1|1|4.5|0|1|5|0|0|0|0|0|1|0|0|0|0|0|0|1|1|0|1|9
355|17|"ZAMBELLI Marco"|"Brescia"|1|1|0|0|0|0|0|0|0|0|0|0|0|0|0|0|0|0|0|0|0|0|0|1
356|17|"ZAMBONI Marco"|"Reggina"|1|1|0|0|0|0|0|0|0|0|0|0|0|0|0|0|0|0|0|0|0|0|0|8
357|17|"ZAMBROTTA Gianluca"|"Juventus"|1|1|1|6|0|1|6|0|0|0|0|0|0|0|0|0|0|0|0|1|1|0|1|18
358|17|"ZANCHI Marco"|"Messina"|1|1|1|5|0|1|5.5|0|0|0|0|0|1|0|0|0|0|0|0|1|1|0|1|6
359|17|"ZANETTI Javier"|"Inter"|1|1|1|6.5|0|1|6.5|0|0|0|0|0|0|0|0|0|0|0|0|1|1|0|1|14
360|17|"ZAURI Luciano"|"Lazio"|1|1|0|0|0|0|0|0|0|0|0|0|0|0|0|0|0|0|0|0|0|0|0|5
361|17|"ZE MARIA"|"Inter"|1|1|0|0|0|0|0|0|0|0|0|0|0|0|0|0|0|0|0|0|0|0|1|11
362|17|"ZEBINA Jonathan"|"Juventus"|1|1|1|6.5|0|1|6.5|0|0|0|0|0|0|0|0|0|0|0|0|1|1|0|1|11
363|17|"ZENONI Cristian"|"Sampdoria"|1|1|1|6|0|1|6|0|0|0|0|0|0|0|0|0|0|0|0|1|1|0|0|9
364|17|"ZOBOLI Davide"|"Brescia"|1|1|1|5.5|0|1|6|0|0|0|0|0|1|0|0|0|0|0|0|1|1|0|0|4
365|17|"ZORO Marco A."|"Messina"|1|1|1|5|0|1|5|0|0|0|0|0|0|0|0|0|0|0|0|1|1|0|1|5
366|17|"PORTANOVA Daniele"|"Siena"|1|1|1|6.5|0|1|6.5|0|0|0|0|0|0|0|0|0|0|0|0|1|1|0|1|12
367|17|"SORONDO Gonzalo"|"Inter"|0|1|0|0|0|0|0|0|0|0|0|0|0|0|0|0|0|0|0|0|0|0|1|1
368|17|"EVANGELISTI Alessandro"|"Livorno"|1|1|0|0|0|0|0|0|0|0|0|0|0|0|0|0|0|0|0|0|0|0|0|1
369|17|"LOPEZ Oscar"|"Lazio"|1|1|0|0|0|0|0|0|0|0|0|0|0|0|0|0|0|0|0|0|0|0|0|7
370|17|"COUTO Fernando"|"Lazio"|1|1|0|0|0|0|0|0|0|0|0|0|0|0|0|0|0|0|0|0|0|0|0|11
371|17|"OSEI Emmanuel"|"Livorno"|1|1|0|0|0|0|0|0|0|0|0|0|0|0|0|0|0|0|0|0|0|0|0|1
372|17|"TORRISI Stefano"|"Bologna"|1|1|0|0|0|0|0|0|0|0|0|0|0|0|0|0|0|0|0|0|0|0|1|6
373|17|"BELLERI Manuel"|"Udinese"|1|1|0|0|0|0|0|0|0|0|0|0|0|0|0|0|0|0|0|1|0|0|1|4
374|17|"CRIBARI Sanchez Emilson"|"Udinese"|1|1|0|0|0|0|0|0|0|0|0|0|0|0|0|0|0|0|0|0|0|0|1|5
375|17|"SERIC Anthony"|"Lazio"|1|1|0|0|0|0|0|0|0|0|0|0|0|0|0|0|0|0|0|0|0|0|0|4
376|17|"MORABITO Giovanni"|"Reggina"|1|1|0|0|0|0|0|0|0|0|0|0|0|0|0|0|0|0|0|0|0|0|0|3
377|17|"NICOLA Davide"|"Siena"|1|1|0|0|0|0|0|0|0|0|0|0|0|0|0|0|0|0|0|0|0|0|1|6
378|17|"COLOCCINI Fabrizio"|"Milan"|1|1|0|0|0|0|0|0|0|0|0|0|0|0|0|0|0|0|0|0|0|0|0|4
379|17|"THIAGO Pimentel"|"Reggina"|0|1|0|0|0|0|0|0|0|0|0|0|0|0|0|0|0|0|0|0|0|0|0|4
380|17|"BEGA Francesco"|"Cagliari"|1|1|1|6.5|0|1|6.5|0|0|0|0|0|0|0|0|0|0|0|0|1|1|0|0|7
381|17|"LEQUI Matias Emanuel"|"Lazio"|1|1|0|0|0|0|0|0|0|0|0|0|0|0|0|0|0|0|0|0|0|0|0|3
382|17|"ESPOSITO Marco"|"Chievo"|1|1|0|0|0|0|0|0|0|0|0|0|0|0|0|0|0|0|0|0|0|0|0|2
383|17|"DALLAMANO Simone"|"Brescia"|1|1|1|6|0|1|6|0|0|0|0|0|0|0|0|0|0|0|0|1|1|0|0|6
384|17|"CAMARA Ibrahima Sory"|"Parma"|1|1|0|0|0|0|0|0|0|0|0|0|0|0|0|0|0|0|0|0|0|0|0|2
385|17|"PISANO Francesco"|"Cagliari"|1|1|0|0|0|0|0|0|0|0|0|0|0|0|0|0|0|0|0|0|0|0|0|3
386|17|"GALANTE Fabio"|"Livorno"|1|1|1|6|0|1|6|0|0|0|0|0|0|0|0|0|0|0|0|1|1|0|0|4
387|17|"ADRIANO Parreira"|"Palermo"|1|1|0|0|0|0|0|0|0|0|0|0|0|0|0|0|0|0|0|0|0|0|1|2
388|17|"D'ALTERIO Salvatore"|"Messina"|1|1|0|0|0|0|0|0|0|0|0|0|0|0|0|0|0|0|0|0|0|0|1|2
389|17|"ERAMO Simone"|"Messina"|1|1|0|0|0|0|0|0|0|0|0|0|0|0|0|0|0|0|0|0|0|0|1|1
390|17|"SCURTO Giuseppe"|"Roma"|1|1|0|0|0|0|0|0|0|0|0|0|0|0|0|0|0|0|0|0|0|0|1|3
391|17|"TEDESCHI Luca"|"Bologna"|1|1|0|0|0|0|0|0|0|0|0|0|0|0|0|0|0|0|0|0|0|0|1|1
392|17|"BETTARINI Stefano"|"Sampdoria"|1|1|0|0|0|0|0|0|0|0|0|0|0|0|0|0|0|0|0|0|0|0|0|2
501|17|"ABEIJON Nelson"|"Cagliari"|1|2|1|5.5|0|1|6|0|0|0|0|0|1|0|0|0|0|0|0|1|1|0|0|12
502|17|"ALBERTINI Demetrio"|"Atalanta"|1|2|1|6|0|1|6.5|0|0|0|0|0|1|0|0|0|0|0|0|1|1|0|0|16
503|17|"ALBERTO Valentin Do Carmo"|"Udinese"|1|2|0|0|0|0|0|0|0|0|0|0|0|0|0|0|0|0|0|0|0|0|1|4
504|17|"ALBINO Marcello"|"Cagliari"|1|2|0|0|0|0|0|0|0|0|0|0|0|0|0|0|0|0|0|0|0|0|0|4
505|17|"ALMEYDA Matias"|"Brescia"|0|2|0|0|0|0|0|0|0|0|0|0|0|0|0|0|0|0|0|0|0|0|0|8
506|17|"AMBROSINI Massimo"|"Milan"|1|2|0|0|0|0|0|0|0|0|0|0|0|0|0|0|0|0|0|0|0|0|0|6
507|17|"AMETRANO Raffaele"|"Messina"|0|2|0|0|0|0|0|0|0|0|0|0|0|0|0|0|0|0|0|0|0|0|1|1
508|17|"AMOROSO Christian"|"Bologna"|1|2|0|0|0|0|0|0|0|0|0|0|0|0|0|0|0|0|0|0|0|0|1|7
509|17|"ANTONINI Luca"|"Sampdoria"|0|2|0|0|0|0|0|0|0|0|0|0|0|0|0|0|0|0|0|0|0|0|0|1
510|17|"APPIAH Stephen"|"Juventus"|1|2|0|0|0|0|0|0|0|0|0|0|0|0|0|0|0|0|0|0|0|0|1|5
511|17|"AQUILANI Alberto"|"Roma"|1|2|1|4.5|0|1|5|0|0|0|0|0|1|0|0|0|0|0|0|1|0|0|1|4
512|17|"ARDITO Andrea"|"Siena"|1|2|0|0|0|0|0|0|0|0|0|0|0|0|0|0|0|0|0|0|0|0|1|4
513|17|"ARGILLI Stefano"|"Siena"|1|2|1|7|0|1|7|0|0|0|0|0|0|0|0|0|0|0|0|1|1|0|1|3
514|17|"ARIATTI Luca"|"Fiorentina"|1|2|0|0|0|0|0|0|0|0|0|0|0|0|0|0|0|0|0|0|0|0|1|5
515|17|"BABU' A. De Oliveira"|"Lecce"|1|2|1|5|0|1|5|0|0|0|0|0|0|0|0|0|0|0|0|1|1|0|1|6
516|17|"BACHINI Jonathan"|"Brescia"|0|2|0|0|0|0|0|0|0|0|0|0|0|0|0|0|0|0|0|0|0|0|0|5
517|17|"BAIOCCO Davide"|"Juventus"|0|2|0|0|0|0|0|0|0|0|0|0|0|0|0|0|0|0|0|0|0|0|1|3
518|17|"BARONE Simone"|"Palermo"|1|2|1|5.5|0|1|6|0|0|0|0|0|1|0|0|0|0|0|0|1|1|0|1|14
519|17|"BARONIO Roberto"|"Chievo"|1|2|1|6|0|1|6|0|0|0|0|0|0|0|0|0|0|0|0|1|1|0|0|10
520|17|"BERNARDINI Antonino"|"Atalanta"|1|2|0|0|0|0|0|0|0|0|0|0|0|0|0|0|0|0|0|0|0|0|0|4
521|17|"BINOTTO Jonatan"|"Bologna"|1|2|0|0|0|0|0|0|0|0|0|0|0|0|0|0|0|0|0|0|0|0|1|1
522|17|"BLASI Manuele"|"Juventus"|1|2|1|7|0|1|7|0|0|0|0|0|0|0|0|0|0|0|0|1|1|0|1|12
523|17|"BOLANO Correa Jorge Eladio"|"Parma"|1|2|0|0|0|0|0|0|0|0|0|0|0|0|0|0|0|0|0|0|0|0|0|4
524|17|"BOUDIANSKI Viktor"|"Reggina"|1|2|0|0|0|0|0|0|0|0|0|0|0|0|0|0|0|0|0|0|0|0|0|1
525|17|"BRAMBILLA Massimo"|"Cagliari"|1|2|1|6|0|1|6|0|0|0|0|0|0|0|0|0|0|0|0|1|1|0|0|8
526|17|"BRESCIANO Mark"|"Parma"|1|2|1|5.5|0|1|5.5|0|0|0|0|0|0|0|0|0|0|0|0|1|1|0|0|13
527|17|"BRIGHI Matteo"|"Chievo"|1|2|1|6|0|1|6|0|0|0|0|0|0|0|0|0|0|0|0|1|1|0|0|11
528|17|"BROCCHI Cristian"|"Milan"|1|2|0|0|0|0|0|0|0|0|0|0|0|0|0|0|0|0|0|1|0|0|0|4
529|17|"BUDEL Alessandro"|"Parma"|1|2|0|0|0|0|0|0|0|0|0|0|0|0|0|0|0|0|0|0|0|0|0|4
530|17|"CAMBIASSO Esteban"|"Inter"|1|2|1|6.5|0|1|6.5|0|0|0|0|0|0|0|0|0|0|0|0|1|1|0|1|14
531|17|"CAMORANESI Mauro"|"Juventus"|1|2|1|7.5|0|1|6.5|0|0|0|0|1|0|0|0|0|0|0|0|1|1|0|1|19
532|17|"CAMORANI Alfonso"|"Siena"|1|2|0|0|0|0|0|0|0|0|0|0|0|0|0|0|0|0|0|0|0|0|1|4
533|17|"CAMPOLO Sergio"|"Messina"|0|2|0|0|0|0|0|0|0|0|0|0|0|0|0|0|0|0|0|0|0|0|1|1
534|17|"CARRUS Davide"|"Fiorentina"|0|2|0|0|0|0|0|0|0|0|0|0|0|0|0|0|0|0|0|0|0|0|1|1
535|17|"CASSETTI Marco"|"Lecce"|1|2|1|7|0|1|4.5|1|0|0|0|0|1|0|0|0|0|0|0|1|1|0|1|15
536|17|"CESAR Rodriguez Aparecido"|"Lazio"|1|2|1|9.5|0|1|6.5|1|0|1|0|0|0|0|0|0|0|0|0|1|1|0|0|11
537|17|"CIARAMITARO Maurizio"|"Livorno"|0|2|0|0|0|0|0|0|0|0|0|0|0|0|0|0|0|0|0|0|0|0|0|3
538|17|"COLUCCI Leonardo"|"Bologna"|1|2|1|6|0|1|6.5|0|0|0|0|0|1|0|0|0|0|0|0|1|1|0|1|4
539|17|"CONTI Daniele"|"Cagliari"|1|2|0|0|0|0|0|0|0|0|0|0|0|0|0|0|0|0|0|0|0|0|0|5
540|17|"COPPOLA Carmine"|"Messina"|1|2|1|5|0|1|5.5|0|0|0|0|0|1|0|0|0|0|0|0|1|1|0|1|6
541|17|"CORINI Eugenio"|"Palermo"|1|2|0|0|0|0|0|0|0|0|0|0|0|0|0|0|0|0|0|0|0|0|1|19
542|17|"DABO Ousmane"|"Lazio"|1|2|1|6.5|0|1|6.5|0|0|0|0|0|0|0|0|0|0|0|0|1|1|0|0|5
543|17|"DACOURT Olivier"|"Roma"|1|2|0|0|0|0|0|0|0|0|0|0|0|0|0|0|0|0|0|0|0|0|1|6
544|17|"D'AGOSTINO Gaetano"|"Roma"|1|2|0|0|0|0|0|0|0|0|0|0|0|0|0|0|0|0|0|0|0|0|1|4
545|17|"DALLA BONA Samuele"|"Lecce"|1|2|1|5.5|0|1|5.5|0|0|0|0|0|0|0|0|0|0|0|0|1|1|0|1|14
546|17|"D'AVERSA Roberto"|"Siena"|1|2|0|0|0|0|0|0|0|0|0|0|0|0|0|0|0|0|0|0|0|0|1|4
547|17|"DAVIDS Edgar"|"Inter"|1|2|0|0|0|0|0|0|0|0|0|0|0|0|0|0|0|0|0|0|0|0|1|13
548|17|"DE ROSSI Daniele"|"Roma"|1|2|1|5|0|1|5|0|0|0|0|0|0|0|0|0|0|0|0|1|1|0|1|14
549|17|"DE VEZZE Daniele"|"Fiorentina"|0|2|0|0|0|0|0|0|0|0|0|0|0|0|0|0|0|0|0|0|0|0|1|2
550|17|"DEL NERO Simone"|"Brescia"|1|2|1|5|0|1|5|0|0|0|0|0|0|0|0|0|0|0|0|1|1|0|0|12
551|17|"DELNEVO Loris"|"Cagliari"|1|2|0|0|0|0|0|0|0|0|0|0|0|0|0|0|0|0|0|0|0|0|0|4
552|17|"DHORASOO Vikash"|"Milan"|1|2|1|8|0|1|8|0|0|0|0|0|0|0|0|0|0|0|0|1|1|0|0|7
553|17|"DI DONATO Daniele"|"Siena"|1|2|1|6|0|1|6|0|0|0|0|0|0|0|0|0|0|0|0|1|1|0|1|5
554|17|"DI LIVIO Angelo"|"Fiorentina"|1|2|1|6|0|1|6|0|0|0|0|0|0|0|0|0|0|0|0|1|1|0|1|2
555|17|"DIANA Aimo"|"Sampdoria"|1|2|1|6.5|0|1|6.5|0|0|0|0|0|0|0|0|0|0|0|0|1|1|0|0|14
556|17|"DIARRA Drissa"|"Lecce"|1|2|0|0|0|0|0|0|0|0|0|0|0|0|0|0|0|0|0|0|0|0|1|4
557|17|"DOGA Alessandro"|"Livorno"|1|2|1|5|0|1|5|0|0|0|0|0|0|0|0|0|0|0|0|1|1|0|0|5
558|17|"DONADEL Marco"|"Sampdoria"|1|2|0|0|0|0|0|0|0|0|0|0|0|0|0|0|0|0|0|1|0|0|0|6
559|17|"DONATI Massimo"|"Messina"|1|2|1|5.5|0|1|5.5|0|0|0|0|0|0|0|0|0|0|0|0|1|1|0|1|8
560|17|"DONI Cristiano"|"Sampdoria"|1|2|0|0|0|0|0|0|0|0|0|0|0|0|0|0|0|0|0|0|0|0|0|11
561|17|"EDUSEI Mark"|"Sampdoria"|1|2|0|0|0|0|0|0|0|0|0|0|0|0|0|0|0|0|0|1|0|0|0|1
562|17|"EMERSON Ferreira"|"Juventus"|1|2|1|6|0|1|6.5|0|0|0|0|0|1|0|0|0|0|0|0|1|1|0|1|26
563|17|"EMRE Belozoglu"|"Inter"|1|2|0|0|0|0|0|0|0|0|0|0|0|0|0|0|0|0|0|1|0|0|1|5
564|17|"EREMENKO Alexei"|"Lecce"|1|2|0|0|0|0|0|0|0|0|0|0|0|0|0|0|0|0|0|1|0|0|1|5
566|17|"MENEGAZZO Fernando"|"Siena"|1|2|0|0|0|0|0|0|0|0|0|0|0|0|0|0|0|0|0|0|0|0|1|4
567|17|"FILIPPINI Antonio"|"Lazio"|1|2|1|5.5|0|1|6|0|0|0|0|0|1|0|0|0|0|0|0|1|1|0|0|6
568|17|"FILIPPINI Emanuele"|"Lazio"|1|2|1|5|0|1|5.5|0|0|0|0|0|1|0|0|0|0|0|0|1|1|0|0|4
569|17|"FIUMICELLI Ernesto Luca"|"Brescia"|1|2|0|0|0|0|0|0|0|0|0|0|0|0|0|0|0|0|0|0|0|0|0|1
570|17|"FONTANA Gaetano"|"Fiorentina"|0|2|0|0|0|0|0|0|0|0|0|0|0|0|0|0|0|0|0|0|0|0|1|3
571|17|"FRANCESCHINI Daniele"|"Chievo"|1|2|1|5|0|1|5|0|0|0|0|0|0|0|0|0|0|0|0|1|1|0|0|7
572|17|"GASBARRONI Andrea"|"Palermo"|1|2|0|0|0|0|0|0|0|0|0|0|0|0|0|0|0|0|0|0|0|0|1|13
573|17|"GATTUSO Ivan Gennaro"|"Milan"|1|2|1|6.5|0|1|6.5|0|0|0|0|0|0|0|0|0|0|0|0|1|1|0|0|15
574|17|"GAUTIERI Carmine"|"Atalanta"|0|2|0|0|0|0|0|0|0|0|0|0|0|0|0|0|0|0|0|0|0|0|0|12
575|17|"GEMITI Giuseppe"|"Udinese"|0|2|0|0|0|0|0|0|0|0|0|0|0|0|0|0|0|0|0|0|0|0|1|1
576|17|"GENTILE Andrea"|"Messina"|0|2|0|0|0|0|0|0|0|0|0|0|0|0|0|0|0|0|0|0|0|0|1|2
577|17|"GIACOMAZZI Guillermo"|"Lecce"|1|2|1|4.5|0|1|5|0|0|0|0|0|1|0|0|0|0|0|0|1|1|0|1|12
578|17|"GIALLOMBARDO Andrea"|"Livorno"|1|2|1|6|0|1|6|0|0|0|0|0|0|0|0|0|0|0|0|1|1|0|0|8
579|17|"GIAMPA' Domenico"|"Messina"|1|2|1|6|0|1|6|0|0|0|0|0|0|0|0|0|0|0|0|1|1|0|1|4
580|17|"GIANNICHEDDA Giuliano"|"Lazio"|1|2|1|6|0|1|6|0|0|0|0|0|0|0|0|0|0|0|0|1|1|0|0|11
581|17|"GIUNTI Federico"|"Bologna"|1|2|1|5.5|0|1|5.5|0|0|0|0|0|0|0|0|0|0|0|0|1|0|0|1|4
582|17|"GOBBI Massimo"|"Cagliari"|1|2|1|9.5|0|1|6.5|1|0|1|0|0|0|0|0|0|0|0|0|1|1|0|0|13
583|17|"GRAUSO Claudio"|"Livorno"|1|2|0|0|0|0|0|0|0|0|0|0|0|0|0|0|0|0|0|0|0|0|0|4
584|17|"GUANA Roberto"|"Brescia"|1|2|1|5|0|1|5.5|0|0|0|0|0|1|0|0|0|0|0|0|1|1|0|0|7
585|17|"GUIGOU Gianni"|"Fiorentina"|1|2|0|0|0|0|0|0|0|0|0|0|0|0|0|0|0|0|0|0|0|0|1|4
586|17|"GULY Andres"|"Inter"|0|2|0|0|0|0|0|0|0|0|0|0|0|0|0|0|0|0|0|0|0|0|1|1
587|17|"HELGUERA Ivan"|"Fiorentina"|1|2|0|0|0|0|0|0|0|0|0|0|0|0|0|0|0|0|0|0|0|0|1|1
588|17|"JANKULOVSKI Marek"|"Udinese"|1|2|1|5.5|0|1|5.5|0|0|0|0|0|0|0|0|0|0|0|0|1|1|0|1|20
589|17|"JORGENSEN Martin"|"Fiorentina"|1|2|0|0|0|0|0|0|0|0|0|0|0|0|0|0|0|0|0|0|0|0|1|14
590|17|"JUNIOR Denilson de Souza"|"Parma"|0|2|0|0|0|0|0|0|0|0|0|0|0|0|0|0|0|0|0|0|0|0|0|2
591|17|"KAKA Ricardo"|"Milan"|1|2|1|8.5|0|1|7.5|0|0|0|0|1|0|0|0|0|0|0|0|1|1|0|0|33
592|17|"KAPO Olivier"|"Juventus"|1|2|0|0|0|0|0|0|0|0|0|0|0|0|0|0|0|0|0|1|0|0|1|8
593|17|"KARAGOUNIS Giorgios"|"Inter"|1|2|0|0|0|0|0|0|0|0|0|0|0|0|0|0|0|0|0|0|0|0|1|4
594|17|"KILY GONZALEZ"|"Inter"|1|2|0|0|0|0|0|0|0|0|0|0|0|0|0|0|0|0|0|0|0|0|1|4
595|17|"LAMOUCHI Sabri"|"Inter"|0|2|0|0|0|0|0|0|0|0|0|0|0|0|0|0|0|0|0|0|0|0|1|1
596|17|"LAVECCHIA Luigi"|"Messina"|0|2|0|0|0|0|0|0|0|0|0|0|0|0|0|0|0|0|0|0|0|0|1|2
597|17|"LEDESMA Christian"|"Lecce"|1|2|1|6|0|1|6|0|0|0|0|0|0|0|0|0|0|0|0|1|1|0|1|14
598|17|"LEON Julio Cesar"|"Reggina"|0|2|0|0|0|0|0|0|0|0|0|0|0|0|0|0|0|0|0|0|0|0|0|1
599|17|"LIMBERSKY David"|"Udinese"|0|2|0|0|0|0|0|0|0|0|0|0|0|0|0|0|0|0|0|0|0|0|1|1
600|17|"LIVERANI Fabio"|"Lazio"|1|2|1|9|0|1|7.5|0|0|0|0|2|1|0|0|0|0|0|0|1|1|0|0|8
601|17|"LOVISO Massimo"|"Bologna"|1|2|0|0|0|0|0|0|0|0|0|0|0|0|0|0|0|0|0|0|0|0|1|3
602|17|"LUCIANO"|"Chievo"|1|2|1|5.5|0|1|5.5|0|0|0|0|0|0|0|0|0|0|0|0|1|0|0|0|5
603|17|"MAGGIO Cristian"|"Fiorentina"|1|2|0|0|0|0|0|0|0|0|0|0|0|0|0|0|0|0|0|0|0|0|1|3
604|17|"MAMEDE Jose' Aleixo"|"Messina"|1|2|0|0|0|0|0|0|0|0|0|0|0|0|0|0|0|0|0|0|0|0|1|3
605|17|"MANCINI Amantino"|"Roma"|1|2|1|5|0|1|5.5|0|0|0|0|0|1|0|0|0|0|0|0|1|1|0|1|21
606|17|"MANNINI"|"Brescia"|1|2|1|5|0|1|5.5|0|0|0|0|0|1|0|0|0|0|0|0|1|0|0|0|7
607|17|"MARCHIONNI Marco"|"Parma"|1|2|1|10|0|1|7|1|0|0|1|0|0|0|0|0|0|0|0|1|0|0|0|17
608|17|"MARCOLINI Michele"|"Atalanta"|1|2|0|0|0|0|0|0|0|0|0|0|0|0|0|0|0|0|0|0|0|0|0|9
609|17|"MARESCA Enzo"|"Fiorentina"|1|2|1|6|0|1|6|0|0|0|0|0|0|0|0|0|0|0|0|1|1|0|1|16
610|17|"MARIANINI Francesco"|"Lecce"|1|2|0|0|0|0|0|0|0|0|0|0|0|0|0|0|0|0|0|0|0|0|1|4
611|17|"MESTO Giandomenico"|"Reggina"|1|2|1|6.5|0|1|6.5|0|0|0|0|0|0|0|0|0|0|0|0|1|1|0|0|9
612|17|"MINGAZZINI Nicola"|"Atalanta"|1|2|0|0|0|0|0|0|0|0|0|0|0|0|0|0|0|0|0|1|0|0|0|4
613|17|"MONTOLIVO Riccardo"|"Atalanta"|1|2|1|6.5|0|1|6.5|0|0|0|0|0|0|0|0|0|0|0|0|1|1|0|0|15
614|17|"MORFEO Domenico"|"Parma"|1|2|1|6.5|0|1|6.5|0|0|0|0|0|0|0|0|0|0|0|0|1|1|0|0|16
615|17|"MORRONE Stefano"|"Palermo"|1|2|1|5.5|0|1|5.5|0|0|0|0|0|0|0|0|0|0|0|0|1|1|0|1|4
616|17|"MOZART Junior Santos"|"Reggina"|1|2|1|6|0|1|6|0|0|0|0|0|0|0|0|0|0|0|0|1|1|0|0|9
617|17|"MUNTARI Sulley Ali"|"Udinese"|1|2|1|6|0|1|6|0|0|0|0|0|0|0|0|0|0|0|0|1|1|0|1|6
618|17|"MUTARELLI Massimo"|"Palermo"|1|2|0|0|0|0|0|0|0|0|0|0|0|0|0|0|0|0|0|0|0|0|1|8
619|17|"NAKAMURA Shunsuke"|"Reggina"|1|2|1|10|0|1|7|1|0|1|0|0|0|0|0|0|0|0|0|1|1|0|0|13
620|17|"NAKATA Hidetoshi"|"Fiorentina"|1|2|0|0|0|0|0|0|0|0|0|0|0|0|0|0|0|0|0|0|0|0|1|17
621|17|"NEDVED Pavel"|"Juventus"|1|2|1|5.5|0|1|5.5|0|0|0|0|0|0|0|0|0|0|0|0|1|1|0|1|28
622|17|"NERVO Carlo"|"Bologna"|1|2|1|5|0|1|5.5|0|0|0|0|0|1|0|0|0|0|0|0|1|0|0|1|5
623|17|"OBODO Chris"|"Fiorentina"|1|2|1|5|0|1|5|0|0|0|0|0|0|0|0|0|0|0|0|1|1|0|1|11
624|17|"OLIVERA Ruben"|"Juventus"|1|2|0|0|0|0|0|0|0|0|0|0|0|0|0|0|0|0|0|0|0|0|1|10
625|17|"PAGANO Biagio"|"Sampdoria"|1|2|0|0|0|0|0|0|0|0|0|0|0|0|0|0|0|0|0|0|0|0|0|2
626|17|"PALOMBO Angelo"|"Sampdoria"|1|2|1|6.5|0|1|6.5|0|0|0|0|0|0|0|0|0|0|0|0|1|1|0|0|9
627|17|"PANDEV Goran"|"Lazio"|1|2|0|0|0|0|0|0|0|0|0|0|0|0|0|0|0|0|0|0|0|0|0|12
628|17|"PAREDES Carlos Humberto"|"Reggina"|1|2|1|5.5|0|1|6|0|0|0|0|0|1|0|0|0|0|0|0|1|0|0|0|8
629|17|"PASSONI Dario"|"Livorno"|1|2|1|6|0|1|6|0|0|0|0|0|0|0|0|0|0|0|0|1|1|0|0|7
630|17|"PAZIENZA Michele"|"Udinese"|1|2|0|0|0|0|0|0|0|0|0|0|0|0|0|0|0|0|0|0|0|0|1|4
631|17|"PECCHIA Fabio"|"Siena"|1|2|1|6|0|1|6|0|0|0|0|0|0|0|0|0|0|0|0|1|1|0|1|10
632|17|"PERROTTA Simone"|"Roma"|1|2|1|5|0|1|5.5|0|0|0|0|0|1|0|0|0|0|0|0|1|1|0|1|13
633|17|"PIANGERELLI Luigi"|"Fiorentina"|1|2|0|0|0|0|0|0|0|0|0|0|0|0|0|0|0|0|0|0|0|0|1|3
634|17|"PIERI Mirko"|"Udinese"|1|2|0|0|0|0|0|0|0|0|0|0|0|0|0|0|0|0|0|0|0|0|1|1
635|17|"PINARDI Alex"|"Lecce"|1|2|1|6|0|1|6|0|0|0|0|0|0|0|0|0|0|0|0|1|0|0|1|8
636|17|"PINNA Sebastiano"|"Cagliari"|0|2|0|0|0|0|0|0|0|0|0|0|0|0|0|0|0|0|0|0|0|0|0|1
637|17|"PINZI Giampiero"|"Udinese"|1|2|1|5|0|1|5.5|0|0|0|0|0|1|0|0|0|0|0|0|1|1|0|1|8
638|17|"PIRLO Andrea"|"Milan"|1|2|1|7|0|1|7|0|0|0|0|0|0|0|0|0|0|0|0|1|1|0|0|25
639|17|"PIZARRO David Cortes"|"Udinese"|1|2|1|6|0|1|6|0|0|0|0|0|0|0|0|0|0|0|0|1|1|0|1|21
640|17|"REBECCHI Mario"|"Inter"|1|2|0|0|0|0|0|0|0|0|0|0|0|0|0|0|0|0|0|0|0|0|1|4
641|17|"ROSINA Alessandro"|"Parma"|1|2|0|0|0|0|0|0|0|0|0|0|0|0|0|0|0|0|0|1|0|0|0|4
642|17|"RUI COSTA Manuel"|"Milan"|1|2|1|6|0|1|6|0|0|0|0|0|0|0|0|0|0|0|0|1|0|0|0|13
643|17|"RUOTOLO Gennaro"|"Livorno"|1|2|1|5|0|1|5|0|0|0|0|0|0|0|0|0|0|0|0|1|1|0|0|1
644|17|"SANTANA Mario Alberto"|"Palermo"|1|2|1|5.5|0|1|5.5|0|0|0|0|0|0|0|0|0|0|0|0|1|1|0|1|11
645|17|"SCHOPP Markus"|"Brescia"|1|2|1|6.5|0|1|7|0|0|0|0|0|1|0|0|0|0|0|0|1|1|0|0|6
646|17|"SEEDORF Clarence"|"Milan"|1|2|0|0|0|0|0|0|0|0|0|0|0|0|0|0|0|0|0|0|0|0|0|16
647|17|"SEMIOLI Franco"|"Chievo"|1|2|1|9|0|1|6|1|0|0|0|0|0|0|0|0|0|0|0|1|1|0|0|16
648|17|"SERGINHO Claudio Santos"|"Milan"|1|2|0|0|0|0|0|0|0|0|0|0|0|0|0|0|0|0|0|0|0|0|0|6
649|17|"STANKOVIC Dejan"|"Inter"|1|2|1|6|0|1|6|0|0|0|0|0|0|0|0|0|0|0|0|1|1|0|1|22
650|17|"SULLO Salvatore"|"Messina"|1|2|1|5|0|1|5|0|0|0|0|0|0|0|0|0|0|0|0|1|1|0|1|8
651|17|"TACCHINARDI Alessio"|"Juventus"|1|2|0|0|0|0|0|0|0|0|0|0|0|0|0|0|0|0|0|0|0|0|1|5
652|17|"TADDEI Rodrigo"|"Siena"|1|2|1|9|0|1|6|1|0|0|0|0|0|0|0|0|0|0|0|1|1|0|1|6
653|17|"TEDESCO Giacomo"|"Reggina"|1|2|1|6.5|0|1|6.5|0|0|0|0|0|0|0|0|0|0|0|0|1|1|0|0|8
654|17|"TOLEDO Machado"|"Udinese"|0|2|0|0|0|0|0|0|0|0|0|0|0|0|0|0|0|0|0|0|0|0|1|3
655|17|"TOMMASI Damiano"|"Roma"|1|2|0|0|0|0|0|0|0|0|0|0|0|0|0|0|0|0|0|0|0|0|1|1
656|17|"VALDES Jaime"|"Fiorentina"|1|2|0|0|0|0|0|0|0|0|0|0|0|0|0|0|0|0|0|1|0|0|1|4
657|17|"VAN DER MEYDE Andy"|"Inter"|1|2|1|6.5|0|1|7|0|0|0|0|0|1|0|0|0|0|0|0|1|1|0|1|6
658|17|"VANNUCCHI Ighli"|"Palermo"|0|2|0|0|0|0|0|0|0|0|0|0|0|0|0|0|0|0|0|0|0|0|1|3
659|17|"VERGASSOLA Simone"|"Siena"|1|2|1|3.5|0|1|4.5|0|0|0|0|0|0|1|0|0|0|0|0|1|1|0|1|7
660|17|"VERON Juan Sebastian"|"Inter"|1|2|0|0|0|0|0|0|0|0|0|0|0|0|0|0|0|0|0|0|0|0|1|13
661|17|"VIDIGAL Da Cruz"|"Livorno"|1|2|1|5|0|1|5|0|0|0|0|0|0|0|0|0|0|0|0|1|1|0|0|9
662|17|"VIGIANI Luca"|"Livorno"|1|2|1|6|0|1|6|0|0|0|0|0|0|0|0|0|0|0|0|1|0|0|0|10
663|17|"VOLPI Sergio"|"Sampdoria"|1|2|1|6|0|1|6|0|0|0|0|0|0|0|0|0|0|0|0|1|1|0|0|13
664|17|"ZAGORAKIS Theodoros"|"Bologna"|1|2|1|5.5|0|1|5.5|0|0|0|0|0|0|0|0|0|0|0|0|1|1|0|1|14
665|17|"ZANCHETTA Andrea"|"Chievo"|1|2|0|0|0|0|0|0|0|0|0|0|0|0|0|0|0|0|0|0|0|0|0|4
666|17|"ZANETTI Cristiano"|"Inter"|1|2|1|6|0|1|6|0|0|0|0|0|0|0|0|0|0|0|0|1|1|0|1|7
667|17|"ZAULI Lamberto"|"Palermo"|1|2|0|0|0|0|0|0|0|0|0|0|0|0|0|0|0|0|0|0|0|0|1|9
668|17|"ZENONI Damiano"|"Atalanta"|1|2|1|5.5|0|1|6|0|0|0|0|0|1|0|0|0|0|0|0|1|1|0|0|9
669|17|"ZIVKOVIC Bratislav"|"Sampdoria"|1|2|0|0|0|0|0|0|0|0|0|0|0|0|0|0|0|0|0|0|0|0|0|1
670|17|"CORDOVA Nicolas"|"Livorno"|1|2|0|0|0|0|0|0|0|0|0|0|0|0|0|0|0|0|0|0|0|0|0|5
671|17|"GONZALES Mariano"|"Palermo"|1|2|1|6|0|1|6|0|0|0|0|0|0|0|0|0|0|0|0|1|0|0|1|7
672|17|"VERON Ricardo"|"Reggina"|1|2|0|0|0|0|0|0|0|0|0|0|0|0|0|0|0|0|0|0|0|0|0|2
673|17|"ABATE Ignazio"|"Milan"|0|2|0|0|0|0|0|0|0|0|0|0|0|0|0|0|0|0|0|0|0|0|0|1
674|17|"SIMPLICIO Fabio"|"Parma"|1|2|1|5.5|0|1|5.5|0|0|0|0|0|0|0|0|0|0|0|0|1|1|0|0|6
675|17|"DEFRANCESCHI Ivone"|"Chievo"|1|2|0|0|0|0|0|0|0|0|0|0|0|0|0|0|0|0|0|0|0|0|0|4
676|17|"GAMBADORI Alessandro"|"Livorno"|1|2|0|0|0|0|0|0|0|0|0|0|0|0|0|0|0|0|0|0|0|0|0|1
677|17|"RAIMONDI Cristian"|"Palermo"|1|2|1|6|0|1|6|0|0|0|0|0|0|0|0|0|0|0|0|1|1|0|1|4
678|17|"COLUCCI Giuseppe"|"Reggina"|1|2|1|6.5|0|1|6.5|0|0|0|0|0|0|0|0|0|0|0|0|1|1|0|0|13
679|17|"GRELLA Vincenzo"|"Parma"|1|2|1|5|0|1|5|0|0|0|0|0|0|0|0|0|0|0|0|1|1|0|0|7
680|17|"GONZALEZ Esteban"|"Lazio"|1|2|0|0|0|0|0|0|0|0|0|0|0|0|0|0|0|0|0|0|0|0|0|4
681|17|"MEA Miguel Angel"|"Lazio"|1|2|0|0|0|0|0|0|0|0|0|0|0|0|0|0|0|0|0|0|0|0|0|3
682|17|"TALAMONTI Leonardo"|"Lazio"|1|2|1|6|0|1|6|0|0|0|0|0|0|0|0|0|0|0|0|1|1|0|0|5
683|17|"ROBERT Bryan"|"Lazio"|1|2|0|0|0|0|0|0|0|0|0|0|0|0|0|0|0|0|0|0|0|0|0|4
684|17|"MAURI Stefano"|"Udinese"|1|2|0|0|0|0|0|0|0|0|0|0|0|0|0|0|0|0|0|1|0|0|1|12
685|17|"MILANETTO Omar"|"Brescia"|1|2|1|6|0|1|6|0|0|0|0|0|0|0|0|0|0|0|0|1|1|0|0|11
686|17|"ALLEGRETTI Riccardo"|"Chievo"|0|2|0|0|0|0|0|0|0|0|0|0|0|0|0|0|0|0|0|0|0|0|0|4
687|17|"DELLA MORTE Ivano"|"Siena"|0|2|0|0|0|0|0|0|0|0|0|0|0|0|0|0|0|0|0|0|0|0|1|7
688|17|"PERALTA Horacio"|"Cagliari"|1|2|0|0|0|0|0|0|0|0|0|0|0|0|0|0|0|0|0|0|0|0|0|4
689|17|"CUCCIARI Alessandro"|"Messina"|1|2|0|0|0|0|0|0|0|0|0|0|0|0|0|0|0|0|0|0|0|0|1|4
690|17|"ESPOSITO Gennaro"|"Siena"|1|2|0|0|0|0|0|0|0|0|0|0|0|0|0|0|0|0|0|0|0|0|1|2
691|17|"GONIAS Panagiotis"|"Messina"|1|2|0|0|0|0|0|0|0|0|0|0|0|0|0|0|0|0|0|0|0|0|1|3
692|17|"DE MARTINO Raffaele"|"Roma"|1|2|0|0|0|0|0|0|0|0|0|0|0|0|0|0|0|0|0|0|0|0|1|3
693|17|"SAMMARCO Paolo"|"Chievo"|1|2|0|0|0|0|0|0|0|0|0|0|0|0|0|0|0|0|0|0|0|0|0|1
694|17|"MIGLIACCIO Giulio"|"Atalanta"|1|2|1|6|0|1|6|0|0|0|0|0|0|0|0|0|0|0|0|1|1|0|0|5
801|17|"ADRIANO Leite Ribeiro"|"Inter"|1|3|1|2|0|1|5|0|0|0|0|0|0|0|1|0|0|1|0|1|1|0|1|55
802|17|"AMAURI Carvalho De O."|"Chievo"|1|3|1|5|0|1|5|0|0|0|0|0|0|0|0|0|0|0|0|1|1|0|0|8
804|17|"BAZZANI Fabio"|"Sampdoria"|1|3|0|0|0|0|0|0|0|0|0|0|0|0|0|0|0|0|0|0|0|0|0|27
805|17|"BELLUCCI Claudio"|"Bologna"|1|3|1|7.5|0|1|6.5|0|0|0|0|1|0|0|0|0|0|0|0|1|1|0|1|15
806|17|"BIANCHI Rolando"|"Cagliari"|1|3|0|0|0|0|0|0|0|0|0|0|0|0|0|0|0|0|0|0|0|0|0|4
807|17|"BILIOTTI Emiliano"|"Livorno"|0|3|0|0|0|0|0|0|0|0|0|0|0|0|0|0|0|0|0|0|0|0|0|3
808|17|"BOGDANI Erjon"|"Reggina"|0|3|0|0|0|0|0|0|0|0|0|0|0|0|0|0|0|0|0|0|0|0|0|7
809|17|"BOJINOV Valeri E."|"Lecce"|1|3|1|11|0|1|7|1|0|0|0|1|0|0|0|0|0|0|0|1|0|0|1|33
810|17|"BONAZZOLI Emiliano"|"Reggina"|1|3|1|5.5|0|1|6|0|0|0|0|0|1|0|0|0|0|0|0|1|1|0|0|20
811|17|"BORRIELLO Marco"|"Reggina"|1|3|0|0|0|0|0|0|0|0|0|0|0|0|0|0|0|0|0|1|0|0|0|17
812|17|"BRIENZA Franco"|"Palermo"|1|3|1|6.5|0|1|6.5|0|0|0|0|0|0|0|0|0|0|0|0|1|1|0|1|16
813|17|"BUDAN Igor"|"Atalanta"|1|3|1|9.5|0|1|7|1|0|1|0|0|1|0|0|0|0|0|0|1|0|0|0|14
814|17|"CAMMARATA Fabrizio"|"Cagliari"|0|3|0|0|0|0|0|0|0|0|0|0|0|0|0|0|0|0|0|0|0|0|0|4
815|17|"CAPONE Andrea"|"Cagliari"|0|3|0|0|0|0|0|0|0|0|0|0|0|0|0|0|0|0|0|0|0|0|0|5
816|17|"CARACCIOLO Andrea"|"Brescia"|1|3|0|0|0|0|0|0|0|0|0|0|0|0|0|0|0|0|0|0|0|0|0|26
817|17|"CASSANO Antonio"|"Roma"|1|3|1|8|0|1|5.5|1|0|0|0|0|1|0|0|0|0|0|0|1|1|0|1|34
818|17|"CERCI Alessio"|"Roma"|1|3|0|0|0|0|0|0|0|0|0|0|0|0|0|0|0|0|0|0|0|0|1|2
819|17|"CHIESA Enrico"|"Siena"|1|3|1|6|0|1|6|0|0|0|0|0|0|0|0|0|0|0|0|1|1|0|1|24
820|17|"CHIUMIENTO Davide"|"Siena"|1|3|0|0|0|0|0|0|0|0|0|0|0|0|0|0|0|0|0|0|0|0|1|6
821|17|"CIPRIANI Giacomo"|"Bologna"|1|3|1|6|0|1|6|0|0|0|0|0|0|0|0|0|0|0|0|1|1|0|1|18
822|17|"COLOMBO Corrado"|"Livorno"|1|3|0|0|0|0|0|0|0|0|0|0|0|0|0|0|0|0|0|0|0|0|0|10
823|17|"COMANDINI Gianni"|"Atalanta"|0|3|0|0|0|0|0|0|0|0|0|0|0|0|0|0|0|0|0|0|0|0|0|4
824|17|"CORVIA Daniele"|"Roma"|1|3|1|5|0|1|5|0|0|0|0|0|0|0|0|0|0|0|0|1|0|0|1|3
825|17|"COSSATO Federico"|"Chievo"|1|3|1|5.5|0|1|5.5|0|0|0|0|0|0|0|0|0|0|0|0|1|0|0|0|13
826|17|"CRESPO Hernan"|"Milan"|1|3|1|16.5|0|1|7.5|3|0|0|0|0|0|0|0|0|0|0|0|1|1|0|0|30
827|17|"CRUZ Julio Ricardo"|"Inter"|1|3|0|0|0|0|0|0|0|0|0|0|0|0|0|0|0|0|0|0|0|0|1|8
828|17|"DANILEVICIUS Tomas"|"Livorno"|1|3|0|0|0|0|0|0|0|0|0|0|0|0|0|0|0|0|0|0|0|0|0|6
829|17|"DEGANO Daniel"|"Parma"|1|3|0|0|0|0|0|0|0|0|0|0|0|0|0|0|0|0|0|0|0|0|0|2
830|17|"DEL PIERO Alessandro"|"Juventus"|1|3|1|5.5|0|1|5.5|0|0|0|0|0|0|0|0|0|0|0|0|1|1|0|1|32
831|17|"DELGADO Alfonso Roberto"|"Lazio"|1|3|0|0|0|0|0|0|0|0|0|0|0|0|0|0|0|0|0|0|0|0|0|2
832|17|"DELLA Rocca Luigi"|"Bologna"|0|3|0|0|0|0|0|0|0|0|0|0|0|0|0|0|0|0|0|0|0|0|1|8
833|17|"DELVECCHIO Marco"|"Roma"|1|3|0|0|0|0|0|0|0|0|0|0|0|0|0|0|0|0|0|0|0|0|1|7
834|17|"DI MICHELE David"|"Udinese"|1|3|1|5|0|1|5|0|0|0|0|0|0|0|0|0|0|0|0|1|1|0|1|21
835|17|"DI NAPOLI Arturo"|"Messina"|1|3|1|6|0|1|6|0|0|0|0|0|0|0|0|0|0|0|0|1|1|0|1|24
836|17|"DIONIGI Davide"|"Reggina"|0|3|0|0|0|0|0|0|0|0|0|0|0|0|0|0|0|0|0|0|0|0|0|16
837|17|"ESPOSITO Mauro"|"Cagliari"|1|3|1|9.5|0|1|6.5|1|0|0|0|0|0|0|0|0|0|0|0|1|1|0|0|26
838|17|"FANTINI Enrico"|"Fiorentina"|1|3|1|6|0|1|6|0|0|0|0|0|0|0|0|0|0|0|0|1|1|0|1|11
839|17|"FARIAS Ernesto"|"Palermo"|1|3|1|5|0|1|5|0|0|0|0|0|0|0|0|0|0|0|0|1|0|0|1|13
840|17|"FAVA Dino"|"Udinese"|1|3|0|0|0|0|0|0|0|0|0|0|0|0|0|0|0|0|0|1|0|0|1|23
841|17|"FLACHI Francesco"|"Sampdoria"|1|3|1|10|0|1|7.5|1|0|1|0|0|1|0|0|0|0|0|0|1|1|0|0|27
842|17|"FLO Tore Andre"|"Siena"|1|3|1|14.5|0|1|7.5|2|0|1|0|1|0|0|0|0|0|0|0|1|1|0|1|18
843|17|"GANCI Massimo"|"Reggina"|1|3|0|0|0|0|0|0|0|0|0|0|0|0|0|0|0|0|0|0|0|0|0|8
844|17|"GILARDINO Alberto"|"Parma"|1|3|1|6.5|0|1|6.5|0|0|0|0|0|0|0|0|0|0|0|0|1|1|0|0|46
845|17|"GRAFFIEDI Mattia"|"Siena"|1|3|0|0|0|0|0|0|0|0|0|0|0|0|0|0|0|0|0|1|0|0|1|4
846|17|"GRIECO Gaetano"|"Parma"|1|3|0|0|0|0|0|0|0|0|0|0|0|0|0|0|0|0|0|0|0|0|0|2
847|17|"IAQUINTA Vincenzo"|"Udinese"|1|3|1|6|0|1|6|0|0|0|0|0|0|0|0|0|0|0|0|1|1|0|1|24
848|17|"ILIEV Ivica"|"Messina"|1|3|1|6|0|1|6|0|0|0|0|0|0|0|0|0|0|0|0|1|0|0|1|16
849|17|"INACIO Pia' Joao Baptista"|"Atalanta"|0|3|0|0|0|0|0|0|0|0|0|0|0|0|0|0|0|0|0|0|0|0|0|13
850|17|"INZAGHI Filippo"|"Milan"|1|3|0|0|0|0|0|0|0|0|0|0|0|0|0|0|0|0|0|0|0|0|0|8
851|17|"INZAGHI Simone"|"Lazio"|1|3|0|0|0|0|0|0|0|0|0|0|0|0|0|0|0|0|0|1|0|0|0|17
852|17|"JOB Thomas Herve"|"Sampdoria"|0|3|0|0|0|0|0|0|0|0|0|0|0|0|0|0|0|0|0|0|0|0|0|2
853|17|"KONAN Alex Cedric"|"Lecce"|1|3|1|4|0|1|4|0|0|0|0|0|0|0|0|0|0|0|0|1|1|0|1|8
854|17|"KUTUZOV Vitali"|"Sampdoria"|1|3|0|0|0|0|0|0|0|0|0|0|0|0|0|0|0|0|0|1|0|0|0|8
855|17|"LANGELLA Antonio"|"Cagliari"|1|3|1|7.5|0|1|7|0|0|0|0|1|1|0|0|0|0|0|0|1|1|0|0|21
856|17|"LOCATELLI Tomas"|"Bologna"|1|3|0|0|0|0|0|0|0|0|0|0|0|0|0|0|0|0|0|0|0|0|1|13
857|17|"LUCARELLI Cristiano"|"Livorno"|1|3|1|6|0|1|6.5|0|0|0|0|0|1|0|0|0|0|0|0|1|1|0|0|29
858|17|"MANFREDINI Cristian"|"Lazio"|1|3|0|0|0|0|0|0|0|0|0|0|0|0|0|0|0|0|0|1|0|0|0|6
859|17|"MARCHESETTI Mattia"|"Chievo"|1|3|0|0|0|0|0|0|0|0|0|0|0|0|0|0|0|0|0|0|0|0|0|2
860|17|"MARTINS Obafemi"|"Inter"|1|3|1|6|0|1|6|0|0|0|0|0|0|0|0|0|0|0|0|1|0|0|1|24
861|17|"MEGHNI Mourad"|"Bologna"|1|3|0|0|0|0|0|0|0|0|0|0|0|0|0|0|0|0|0|1|1|0|1|10
862|17|"MICCOLI Fabrizio"|"Fiorentina"|1|3|0|0|0|0|0|0|0|0|0|0|0|0|0|0|0|0|0|1|0|0|1|22
863|17|"MONTELLA Vincenzo"|"Roma"|1|3|0|0|0|0|0|0|0|0|0|0|0|0|0|0|0|0|0|0|0|0|1|31
865|17|"MUZZI Roberto"|"Lazio"|1|3|0|0|0|0|0|0|0|0|0|0|0|0|0|0|0|0|0|1|0|0|0|14
866|17|"PAZZINI Giampaolo"|"Atalanta"|1|3|1|6|0|1|6|0|0|0|0|0|0|0|0|0|0|0|0|1|1|0|0|17
867|17|"PELLE' Graziano"|"Lecce"|1|3|0|0|0|0|0|0|0|0|0|0|0|0|0|0|0|0|0|0|0|0|1|2
868|17|"PELLISSIER Sergio"|"Chievo"|1|3|0|0|0|0|0|0|0|0|0|0|0|0|0|0|0|0|0|1|0|0|0|12
869|17|"PORTILLO Javier Garcia"|"Fiorentina"|1|3|1|5|0|1|5|0|0|0|0|0|0|0|0|0|0|0|0|1|1|0|1|18
870|17|"POZZI Nicola"|"Milan"|0|3|0|0|0|0|0|0|0|0|0|0|0|0|0|0|0|0|0|0|0|0|0|5
871|17|"PROTTI Igor"|"Livorno"|1|3|1|6|0|1|6|0|0|0|0|0|0|0|0|0|0|0|0|1|1|0|0|17
872|17|"RASIAK Grzegorz"|"Siena"|0|3|0|0|0|0|0|0|0|0|0|0|0|0|0|0|0|0|0|0|0|0|1|2
873|17|"RECOBA Alvaro"|"Inter"|1|3|0|0|0|0|0|0|0|0|0|0|0|0|0|0|0|0|0|0|0|0|1|18
874|17|"RIGANO' Cristian"|"Fiorentina"|1|3|1|4.5|0|1|5|0|0|0|0|0|1|0|0|0|0|0|0|1|1|0|1|12
875|17|"ROSSINI Fausto"|"Sampdoria"|1|3|1|5.5|0|1|5.5|0|0|0|0|0|0|0|0|0|0|0|0|1|1|0|0|9
876|17|"SAUDATI Luca"|"Atalanta"|0|3|0|0|0|0|0|0|0|0|0|0|0|0|0|0|0|0|0|0|0|0|0|10
877|17|"SCULLI Giuseppe"|"Brescia"|1|3|1|6|0|1|6|0|0|0|0|0|0|0|0|0|0|0|0|1|0|0|0|14
878|17|"SERAFINI Matteo"|"Siena"|1|3|0|0|0|0|0|0|0|0|0|0|0|0|0|0|0|0|0|1|0|0|1|4
879|17|"SHEVCHENKO Andrij"|"Milan"|1|3|1|13|0|1|8|1|0|1|0|2|0|0|0|0|0|0|0|1|1|0|0|57
880|17|"SONCIN Andrea"|"Fiorentina"|0|3|0|0|0|0|0|0|0|0|0|0|0|0|0|0|0|0|0|0|0|0|1|2
881|17|"SUAZO David Velazquez"|"Cagliari"|1|3|1|6|0|1|6|0|0|0|0|0|0|0|0|0|0|0|0|1|0|0|0|20
882|17|"TARE Igli"|"Bologna"|1|3|1|10|0|1|7|1|0|0|0|0|0|0|0|0|0|0|0|1|1|0|1|14
883|17|"TIRIBOCCHI Simone"|"Chievo"|1|3|1|4.5|0|1|5|0|0|0|0|0|1|0|0|0|0|0|0|1|1|0|0|15
884|17|"TOMASSON Jon Dahl"|"Milan"|1|3|1|9|0|1|6|1|0|0|0|0|0|0|0|0|0|0|0|1|0|0|0|17
885|17|"TONI Luca"|"Palermo"|1|3|1|5.5|0|1|5.5|0|0|0|0|0|0|0|0|0|0|0|0|1|1|0|1|28
886|17|"TOTTI Francesco"|"Roma"|1|3|1|6.5|0|1|7|0|0|0|0|0|1|0|0|0|0|0|0|1|1|0|1|42
887|17|"TREZEGUET David"|"Juventus"|1|3|0|0|0|0|0|0|0|0|0|0|0|0|0|0|0|0|0|0|0|0|1|13
888|17|"VENTOLA Nicola"|"Inter"|0|3|0|0|0|0|0|0|0|0|0|0|0|0|0|0|0|0|0|0|0|0|1|2
889|17|"VIERI Christian"|"Inter"|1|3|1|13|0|1|7|2|0|1|0|0|0|0|1|0|0|0|0|1|1|0|1|37
890|17|"VRYZAS Zisis"|"Fiorentina"|0|3|0|0|0|0|0|0|0|0|0|0|0|0|0|0|0|0|0|0|0|0|1|10
891|17|"VUCINIC Mirko"|"Lecce"|1|3|0|0|0|0|0|0|0|0|0|0|0|0|0|0|0|0|0|0|0|0|1|22
892|17|"VUGRINEC Davor"|"Atalanta"|0|3|0|0|0|0|0|0|0|0|0|0|0|0|0|0|0|0|0|0|0|0|0|4
893|17|"YANAGISAWA Atsushi"|"Messina"|1|3|1|5.5|0|1|5.5|0|0|0|0|0|0|0|0|0|0|0|0|1|0|0|1|9
894|17|"ZALAYETA Marcelo"|"Juventus"|1|3|1|5.5|0|1|5.5|0|0|0|0|0|0|0|0|0|0|0|0|1|0|0|1|13
895|17|"ZAMBRELLA Federico"|"Brescia"|1|3|0|0|0|0|0|0|0|0|0|0|0|0|0|0|0|0|0|1|0|0|0|4
896|17|"ZAMPAGNA Riccardo"|"Messina"|1|3|1|9|0|1|6|1|0|0|0|0|0|0|0|0|0|0|0|1|1|0|1|17
897|17|"ZANIOLO Igor"|"Messina"|0|3|0|0|0|0|0|0|0|0|0|0|0|0|0|0|0|0|0|0|0|0|1|8
898|17|"ZICU Ianis"|"Parma"|1|3|0|0|0|0|0|0|0|0|0|0|0|0|0|0|0|0|0|0|0|0|0|4
899|17|"ZOLA Gianfranco"|"Cagliari"|1|3|1|4|0|1|6|0|0|0|0|1|0|0|1|0|0|1|0|1|1|0|0|33
900|17|"DI CANIO Paolo"|"Lazio"|1|3|1|10|0|1|7|1|0|0|0|0|0|0|0|0|0|0|0|1|1|0|0|22
901|17|"CHOUTOS Lampros"|"Inter"|1|3|0|0|0|0|0|0|0|0|0|0|0|0|0|0|0|0|0|0|0|0|1|1
902|17|"JADID Abderrazzak"|"Brescia"|1|3|0|0|0|0|0|0|0|0|0|0|0|0|0|0|0|0|0|0|0|0|0|2
903|17|"BJELANOVIC Sasa"|"Lecce"|1|3|1|5|0|1|5|0|0|0|0|0|0|0|0|0|0|0|0|1|1|0|1|13
904|17|"SORRENTINO Tonino"|"Parma"|1|3|0|0|0|0|0|0|0|0|0|0|0|0|0|0|0|0|0|1|0|0|0|4
905|17|"NOMVETHE Siyabonga"|"Udinese"|0|3|0|0|0|0|0|0|0|0|0|0|0|0|0|0|0|0|0|0|0|0|1|5
906|17|"GOITOM Henok"|"Udinese"|1|3|0|0|0|0|0|0|0|0|0|0|0|0|0|0|0|0|0|0|0|0|1|2
907|17|"CARPARELLI Marco"|"Siena"|1|3|0|0|0|0|0|0|0|0|0|0|0|0|0|0|0|0|0|0|0|0|1|4
908|17|"DI PASQUALE Danilo"|"Brescia"|1|3|1|6|0|1|6|0|0|0|0|0|0|0|0|0|0|0|0|1|1|0|0|4
909|17|"LAZZARI Andrea"|"Atalanta"|1|3|1|6|0|1|6|0|0|0|0|0|0|0|0|0|0|0|0|1|1|0|0|6
910|17|"MACCARONE Massimo"|"Siena"|1|3|0|0|0|0|0|0|0|0|0|0|0|0|0|0|0|0|0|0|0|0|1|12
911|17|"SINIGAGLIA Davide"|"Reggina"|0|3|0|0|0|0|0|0|0|0|0|0|0|0|0|0|0|0|0|0|0|0|0|1
912|17|"DI NATALE Antonio"|"Udinese"|1|3|1|5.5|0|1|5.5|0|0|0|0|0|0|0|0|0|0|0|0|1|1|0|1|20
913|17|"IBRAHIMOVIC Zlatan"|"Juventus"|1|3|1|9.5|0|1|6.5|1|0|0|0|0|0|0|0|0|0|0|0|1|1|0|1|38
914|17|"MIDO Hossam"|"Roma"|1|3|0|0|0|0|0|0|0|0|0|0|0|0|0|0|0|0|0|0|0|0|1|21
915|17|"ROCCHI Tommaso"|"Lazio"|1|3|1|9|0|1|6.5|1|0|0|0|0|1|0|0|0|0|0|0|1|1|0|0|22
916|17|"AMORUSO Nicola"|"Messina"|1|3|0|0|0|0|0|0|0|0|0|0|0|0|0|0|0|0|0|0|0|0|1|16
917|17|"DE SOUSA"|"Lazio"|1|3|0|0|0|0|0|0|0|0|0|0|0|0|0|0|0|0|0|0|0|0|0|4
918|17|"NYGAARD"|"Brescia"|1|3|0|0|0|0|0|0|0|0|0|0|0|0|0|0|0|0|0|0|0|0|0|2
919|17|"RUOPOLO"|"Parma"|1|3|0|0|0|0|0|0|0|0|0|0|0|0|0|0|0|0|0|0|0|0|0|3
920|17|"SUCCI Davide"|"Chievo"|0|3|0|0|0|0|0|0|0|0|0|0|0|0|0|0|0|0|0|0|0|0|0|2
921|17|"FRAGIELLO Gennaro"|"Bologna"|1|3|0|0|0|0|0|0|0|0|0|0|0|0|0|0|0|0|0|0|0|0|1|2
922|17|"MEGGIORINI Riccardo"|"Inter"|1|3|0|0|0|0|0|0|0|0|0|0|0|0|0|0|0|0|0|0|0|0|1|1
923|17|"BERNARDO Vittorio"|"Messina"|1|3|0|0|0|0|0|0|0|0|0|0|0|0|0|0|0|0|0|0|0|0|1|1
924|17|"PISANU Andrea"|"Parma"|1|3|0|0|0|0|0|0|0|0|0|0|0|0|0|0|0|0|0|0|0|0|0|1
