101|15|"ABBIATI Christian"|"Milan"|1|0|0|0|0|0|0|0|0|0|0|0|0|0|0|0|0|0|0|0|0|0|0|4
102|15|"AGLIARDI Federico"|"Brescia"|1|0|0|0|0|0|0|0|0|0|0|0|0|0|0|0|0|0|0|0|0|0|0|4
103|15|"AMELIA Marco"|"Livorno"|1|0|1|6|0|1|6|0|0|0|0|0|0|0|0|0|0|0|0|1|1|0|0|13
104|15|"ANANIA Luca"|"Lecce"|1|0|0|0|0|0|0|0|0|0|0|0|0|0|0|0|0|0|0|0|0|0|1|4
105|15|"ANTONIOLI Francesco"|"Sampdoria"|1|0|1|6|0|1|6|0|0|0|0|0|0|0|0|0|0|0|0|1|1|0|0|21
106|15|"BELARDI Emanuele"|"Reggina"|0|0|0|0|0|0|0|0|0|0|0|0|0|0|0|0|0|0|0|0|0|0|0|3
107|15|"BERTI Gianluca"|"Parma"|1|0|0|0|0|0|0|0|0|0|0|0|0|0|0|0|0|0|0|0|0|0|1|4
108|15|"BIANCHI Emanuele"|"Sampdoria"|0|0|0|0|0|0|0|0|0|0|0|0|0|0|0|0|0|0|0|0|0|0|0|1
109|15|"BONAIUTI Adriano"|"Udinese"|1|0|0|0|0|0|0|0|0|0|0|0|0|0|0|0|0|0|0|0|0|0|1|1
110|15|"BONNEFOI Landry"|"Juventus"|1|0|0|0|0|0|0|0|0|0|0|0|0|0|0|0|0|0|0|0|0|0|1|1
111|15|"BUFFON Gianluigi"|"Juventus"|1|0|1|7.5|0|1|7.5|0|0|0|0|0|0|0|0|0|0|0|0|1|1|0|1|25
112|15|"CALDERONI Alex"|"Atalanta"|1|0|0|0|0|0|0|0|0|0|0|0|0|0|0|0|0|0|0|0|0|0|0|1
113|15|"CAPELLO Davide Ugo"|"Cagliari"|1|0|0|0|0|0|0|0|0|0|0|0|0|0|0|0|0|0|0|0|0|0|1|1
114|15|"CASAZZA Fabrizio"|"Lazio"|1|0|0|0|0|0|0|0|0|0|0|0|0|0|0|0|0|0|0|0|0|0|0|1
115|15|"CASTELLAZZI Luca"|"Brescia"|1|0|1|6|0|1|7|0|1|0|0|0|0|0|0|1|0|0|0|1|1|0|0|10
116|15|"CEJAS Christian S."|"Fiorentina"|1|0|0|0|0|0|0|0|0|0|0|0|0|0|0|0|0|0|0|0|0|0|1|3
117|15|"CHIMENTI Antonio"|"Juventus"|1|0|0|0|0|0|0|0|0|0|0|0|0|0|0|0|0|0|0|0|0|0|1|1
118|15|"COPPOLA Ferdinando"|"Reggina"|0|0|0|0|0|0|0|0|0|0|0|0|0|0|0|0|0|0|0|0|0|0|0|1
119|15|"CORDAZ Alex"|"Inter"|1|0|0|0|0|0|0|0|0|0|0|0|0|0|0|0|0|0|0|0|0|0|1|1
120|15|"DE SANCTIS Morgan"|"Udinese"|1|0|1|6.5|0|1|6.5|0|0|0|0|0|0|0|0|0|0|0|0|1|1|0|1|22
121|15|"DIDA Nelson de Jesus Silva"|"Milan"|1|0|1|6|0|0|0|0|0|0|0|0|0|0|0|0|0|0|0|1|1|0|0|24
122|15|"ELEFTHEROPOULOS Dimitris"|"Messina"|1|0|0|0|0|0|0|0|0|0|0|0|0|0|0|0|0|0|0|0|0|0|1|7
123|15|"FIORI Valerio"|"Milan"|1|0|0|0|0|0|0|0|0|0|0|0|0|0|0|0|0|0|0|0|0|0|0|1
124|15|"FONTANA Alberto"|"Inter"|1|0|1|3.5|0|1|5.5|0|2|0|0|0|0|0|0|0|0|0|0|1|1|0|1|5
125|15|"FORTIN Marco"|"Siena"|1|0|1|4|0|1|6|0|2|0|0|0|0|0|0|2|0|0|0|1|1|0|0|10
126|15|"FREY Sebastien"|"Parma"|1|0|1|4.5|0|1|6.5|0|2|0|0|0|0|0|0|0|0|0|0|1|1|0|1|16
127|15|"GRECO Alessandro"|"Messina"|0|0|0|0|0|0|0|0|0|0|0|0|0|0|0|0|0|0|0|0|0|0|1|1
128|15|"IEZZO  Gennaro"|"Cagliari"|1|0|0|0|0|0|0|0|0|0|0|0|0|0|0|0|0|0|0|0|0|0|1|1
129|15|"KATERGIANNAKIS Theofanis"|"Cagliari"|1|0|1|2.5|0|1|5.5|0|3|0|0|0|0|0|0|0|0|0|0|1|1|0|1|13
130|15|"LIPPI Guido"|"Chievo"|0|0|0|0|0|0|0|0|0|0|0|0|0|0|0|0|0|0|0|0|0|0|0|1
131|15|"LUPATELLI Cristiano"|"Fiorentina"|1|0|1|7|0|1|6|0|2|0|0|0|0|0|0|1|1|0|0|1|1|0|1|16
132|15|"MANNINGER Alexander"|"Siena"|1|0|0|0|0|0|0|0|0|0|0|0|0|0|0|0|0|0|0|0|0|0|0|4
133|15|"MARCHEGIANI Luca"|"Chievo"|1|0|1|5|0|1|6|0|1|0|0|0|0|0|0|0|0|0|0|1|1|0|0|18
134|15|"MARCON Sergio"|"Chievo"|1|0|0|0|0|0|0|0|0|0|0|0|0|0|0|0|0|0|0|0|0|0|0|1
135|15|"MAREGGINI Gian Matteo"|"Livorno"|1|0|0|0|0|0|0|0|0|0|0|0|0|0|0|0|0|0|0|0|0|0|0|1
136|15|"PAGLIUCA Gianluca"|"Bologna"|1|0|1|4.5|0|1|6|0|1|0|0|0|1|0|0|0|0|0|0|1|1|0|0|19
137|15|"PANSERA Andrea"|"Bologna"|1|0|0|0|0|0|0|0|0|0|0|0|0|0|0|0|0|0|0|0|0|0|0|1
138|15|"PAVARINI Nicola"|"Reggina"|1|0|0|0|0|0|0|0|0|0|0|0|0|0|0|0|0|0|0|0|0|0|0|11
139|15|"PELIZZOLI Ivan"|"Roma"|1|0|0|0|0|0|0|0|0|0|0|0|0|0|0|0|0|0|0|0|0|0|1|16
140|15|"PERUZZI Angelo"|"Lazio"|1|0|1|1|0|1|4|0|3|0|0|0|0|0|0|0|0|0|0|1|1|0|0|9
141|15|"ROCCATI Marco"|"Fiorentina"|1|0|1|1|0|1|5|0|4|0|0|0|0|0|0|0|0|0|0|1|0|0|1|1
142|15|"ROSATI Antonio"|"Lecce"|1|0|0|0|0|0|0|0|0|0|0|0|0|0|0|0|0|0|0|0|0|0|1|1
143|15|"SANTONI Nicola"|"Palermo"|1|0|0|0|0|0|0|0|0|0|0|0|0|0|0|0|0|0|0|0|0|0|1|3
144|15|"SERENI Matteo"|"Lazio"|1|0|0|0|0|0|0|0|0|0|0|0|0|0|0|0|0|0|0|0|0|0|0|11
145|15|"SICIGNANO Vincenzo"|"Lecce"|1|0|1|3|0|1|6|0|3|0|0|0|0|0|0|1|0|0|0|1|1|0|1|12
146|15|"STORARI Marco"|"Messina"|1|0|1|5.5|0|1|6.5|0|1|0|0|0|0|0|0|0|0|0|0|1|1|0|1|5
147|15|"TAIBI Massimo"|"Atalanta"|1|0|1|6|0|1|7|0|1|0|0|0|0|0|0|0|0|0|0|1|1|0|0|14
148|15|"TOLDO Francesco"|"Inter"|1|0|0|0|0|0|0|0|0|0|0|0|0|0|0|0|0|0|0|0|0|0|1|12
149|15|"TURCI Luigi"|"Sampdoria"|1|0|0|0|0|0|0|0|0|0|0|0|0|0|0|0|0|0|0|0|0|0|0|1
150|15|"VANIN Giordano"|"Parma"|1|0|0|0|0|0|0|0|0|0|0|0|0|0|0|0|0|0|0|0|0|0|1|1
151|15|"ZANCOPE' Adriano"|"Siena"|1|0|0|0|0|0|0|0|0|0|0|0|0|0|0|0|0|0|0|0|0|0|0|1
152|15|"ZOTTI Carlo"|"Roma"|1|0|1|6|0|1|6|0|0|0|0|0|0|0|0|0|0|0|0|1|1|0|1|1
153|15|"LEJSAL Martin"|"Reggina"|0|0|0|0|0|0|0|0|0|0|0|0|0|0|0|0|0|0|0|0|0|0|0|1
154|15|"SOVIERO Salvatore"|"Reggina"|1|0|1|3.5|0|1|5.5|0|2|0|0|0|0|0|0|0|0|0|0|1|1|0|0|6
155|15|"GUARDALBEN Matteo"|"Palermo"|1|0|1|4|0|1|6|0|2|0|0|0|0|0|0|0|0|0|0|1|1|0|1|19
156|15|"HANDANOVIC Samir"|"Udinese"|1|0|0|0|0|0|0|0|0|0|0|0|0|0|0|0|0|0|0|0|0|0|1|1
157|15|"CARINI Fabian"|"Inter"|1|0|0|0|0|0|0|0|0|0|0|0|0|0|0|0|0|0|0|0|0|0|1|1
158|15|"COMI Paolo"|"Palermo"|1|0|0|0|0|0|0|0|0|0|0|0|0|0|0|0|0|0|0|0|0|0|1|1
159|15|"CURCI Gianluca"|"Roma"|1|0|0|0|0|0|0|0|0|0|0|0|0|0|0|0|0|0|0|0|0|0|1|1
160|15|"PADELLI"|"Sampdoria"|1|0|0|0|0|0|0|0|0|0|0|0|0|0|0|0|0|0|0|0|0|0|0|1
161|15|"CODOGNOLA Paolo"|"Chievo"|1|0|0|0|0|0|0|0|0|0|0|0|0|0|0|0|0|0|0|0|0|0|0|1
162|15|"MAZZONI Luca"|"Livorno"|1|0|0|0|0|0|0|0|0|0|0|0|0|0|0|0|0|0|0|0|0|0|0|1
163|15|"CAGLIONI Nicholas"|"Atalanta"|1|0|0|0|0|0|0|0|0|0|0|0|0|0|0|0|0|0|0|0|0|0|0|1
164|15|"MARZI Alberto"|"Bologna"|0|0|0|0|0|0|0|0|0|0|0|0|0|0|0|0|0|0|0|0|0|0|0|1
165|15|"GIRELLI Livio"|"Brescia"|1|0|0|0|0|0|0|0|0|0|0|0|0|0|0|0|0|0|0|0|0|0|0|1
166|15|"MARINO Pietro"|"Reggina"|1|0|0|0|0|0|0|0|0|0|0|0|0|0|0|0|0|0|0|0|0|0|0|1
167|15|"FERRON Fabrizio"|"Bologna"|1|0|0|0|0|0|0|0|0|0|0|0|0|0|0|0|0|0|0|0|0|0|0|1
168|15|"SANTORO Giuseppe"|"Messina"|0|0|0|0|0|0|0|0|0|0|0|0|0|0|0|0|0|0|0|0|0|0|1|1
169|15|"SORRISO Raffaele"|"Messina"|1|0|0|0|0|0|0|0|0|0|0|0|0|0|0|0|0|0|0|0|0|0|1|1
201|15|"ABRUZZESE Giuseppe"|"Lecce"|1|1|0|0|0|0|0|0|0|0|0|0|0|0|0|0|0|0|0|0|0|0|1|3
202|15|"ACCARDI Piero"|"Palermo"|1|1|0|0|0|0|0|0|0|0|0|0|0|0|0|0|0|0|0|0|0|0|1|1
203|15|"ACCURSI Salvatore"|"Messina"|0|1|0|0|0|0|0|0|0|0|0|0|0|0|0|0|0|0|0|0|0|0|1|1
204|15|"ADANI Daniele"|"Brescia"|1|1|0|0|0|0|0|0|0|0|0|0|0|0|0|0|0|0|0|0|0|0|0|4
205|15|"AGOSTINI Alessandro"|"Cagliari"|1|1|1|6|0|1|6|0|0|0|0|0|0|0|0|0|0|0|0|1|1|0|1|7
206|15|"ALVAREZ Edgar Anthony"|"Cagliari"|1|1|0|0|0|0|0|0|0|0|0|0|0|0|0|0|0|0|0|0|0|0|1|2
207|15|"AQUILANTI Antonio"|"Fiorentina"|1|1|0|0|0|0|0|0|0|0|0|0|0|0|0|0|0|0|0|0|0|0|1|1
208|15|"ARONICA Salvatore"|"Messina"|1|1|1|4.5|0|1|5|0|0|0|0|0|1|0|0|0|0|0|0|1|1|0|1|1
210|15|"BAGGIO Dino"|"Lazio"|1|1|0|0|0|0|0|0|0|0|0|0|0|0|0|0|0|0|0|0|0|0|0|2
211|15|"BALESTRI Jacopo"|"Reggina"|1|1|1|5|0|1|5.5|0|0|0|0|0|1|0|0|0|0|0|0|1|1|0|0|5
212|15|"BALLERI David"|"Livorno"|1|1|1|6|0|1|6|0|0|0|0|0|0|0|0|0|0|0|0|1|1|0|0|5
213|15|"BARZAGLI Andrea"|"Palermo"|1|1|1|5|0|1|5|0|0|0|0|0|0|0|0|0|0|0|0|1|1|0|1|12
214|15|"BELLINI Giampaolo"|"Atalanta"|1|1|1|5|0|1|5|0|0|0|0|0|0|0|0|0|0|0|0|1|1|0|0|5
215|15|"BERTOTTO Valerio"|"Udinese"|1|1|1|6|0|1|6|0|0|0|0|0|0|0|0|0|0|0|0|1|1|0|1|7
216|15|"BIAVA Giuseppe"|"Palermo"|1|1|1|4|0|1|4|0|0|0|0|0|0|0|0|0|0|0|0|1|1|0|1|7
217|15|"BIRINDELLI Alessandro"|"Juventus"|1|1|0|0|0|0|0|0|0|0|0|0|0|0|0|0|0|0|0|0|0|0|1|4
218|15|"BONERA Daniele"|"Parma"|1|1|1|4.5|0|1|5|0|0|0|0|0|1|0|0|0|0|0|0|1|1|0|1|9
219|15|"BONOMI Simone"|"Siena"|0|1|0|0|0|0|0|0|0|0|0|0|0|0|0|0|0|0|0|0|0|0|0|2
220|15|"BOVO Cesare"|"Parma"|1|1|1|5|0|1|5|0|0|0|0|0|0|0|0|0|0|0|0|1|1|0|1|4
221|15|"BURDISSO Nicolas Andres"|"Inter"|1|1|0|0|0|0|0|0|0|0|0|0|0|0|0|0|0|0|0|0|0|0|1|4
222|15|"CAFU Marcos"|"Milan"|1|1|1|6|0|1|6.5|0|0|0|0|0|1|0|0|0|0|0|0|1|1|0|0|10
223|15|"CANDELA Vincent"|"Roma"|1|1|0|0|0|0|0|0|0|0|0|0|0|0|0|0|0|0|0|0|0|0|1|3
224|15|"CANNARSA Juri"|"Reggina"|1|1|0|0|0|0|0|0|0|0|0|0|0|0|0|0|0|0|0|0|0|0|0|6
225|15|"CANNAVARO Fabio"|"Juventus"|1|1|1|6|0|1|6|0|0|0|0|0|0|0|0|0|0|0|0|1|1|0|1|14
226|15|"CANNAVARO Paolo"|"Parma"|1|1|0|0|0|0|0|0|0|0|0|0|0|0|0|0|0|0|0|0|0|0|1|8
227|15|"CAPUANO Ciro"|"Bologna"|1|1|0|0|0|0|0|0|0|0|0|0|0|0|0|0|0|0|0|1|0|0|0|3
228|15|"CARDONE Giuseppe"|"Parma"|1|1|0|0|0|0|0|0|0|0|0|0|0|0|0|0|0|0|0|0|0|0|1|3
229|15|"CARROZZIERI Morris"|"Sampdoria"|1|1|0|0|0|0|0|0|0|0|0|0|0|0|0|0|0|0|0|0|0|0|0|4
230|15|"CASTELLINI Marcello"|"Sampdoria"|1|1|1|6.5|0|1|6.5|0|0|0|0|0|0|0|0|0|0|0|0|1|1|0|0|6
231|15|"CESAR Vinicio Cervo de Luca"|"Chievo"|1|1|0|0|0|0|0|0|0|0|0|0|0|0|0|0|0|0|0|0|0|0|0|1
232|15|"CHIELLINI Giorgio"|"Fiorentina"|1|1|1|5.5|0|1|5.5|0|0|0|0|0|0|0|0|0|0|0|0|1|1|0|1|8
233|15|"CHIVU Cristian"|"Roma"|1|1|0|0|0|0|0|0|0|0|0|0|0|0|0|0|0|0|0|0|0|0|1|4
234|15|"CIRILLO Bruno"|"Siena"|1|1|1|6.5|0|1|6.5|0|0|0|0|0|0|0|0|0|0|0|0|1|1|0|0|4
235|15|"COCO Francesco"|"Inter"|1|1|0|0|0|0|0|0|0|0|0|0|0|0|0|0|0|0|0|0|0|0|1|3
236|15|"COLONNESE Francesco"|"Siena"|1|1|0|0|0|0|0|0|0|0|0|0|0|0|0|0|0|0|0|1|0|0|0|4
237|15|"CONTE Mirko"|"Messina"|1|1|0|0|0|0|0|0|0|0|0|0|0|0|0|0|0|0|0|0|0|0|1|4
238|15|"CONTEH Kewullay"|"Palermo"|1|1|0|0|0|0|0|0|0|0|0|0|0|0|0|0|0|0|0|0|0|0|1|2
239|15|"CONTINI Matteo"|"Parma"|1|1|1|4.5|0|1|4.5|0|0|0|0|0|0|0|0|0|0|0|0|1|1|0|1|1
240|15|"CORDOBA Ivan Ramiro"|"Inter"|1|1|1|4.5|0|1|5|0|0|0|0|0|1|0|0|0|0|0|0|1|1|0|1|9
241|15|"COSTACURTA Alessandro"|"Milan"|1|1|0|0|0|0|0|0|0|0|0|0|0|0|0|0|0|0|0|0|0|0|0|4
242|15|"CUFRE' Leandro"|"Roma"|1|1|1|6|0|1|6|0|0|0|0|0|0|0|0|0|0|0|0|1|1|0|1|6
243|15|"DAINELLI Dario"|"Fiorentina"|1|1|1|5|0|1|5|0|0|0|0|0|0|0|0|0|0|0|0|1|1|0|1|10
244|15|"DAINO Daniele"|"Bologna"|1|1|1|5|0|1|5|0|0|0|0|0|0|0|0|0|0|0|0|1|1|0|0|4
245|15|"D'ANNA Lorenzo"|"Chievo"|1|1|1|7|0|1|7|0|0|0|0|0|0|0|0|0|0|0|0|1|1|0|0|8
246|15|"DE ROSA Gaetano"|"Reggina"|1|1|1|13.5|0|1|7.5|2|0|1|0|0|0|0|0|0|0|0|0|1|1|0|0|7
247|15|"DE VACA José"|"Udinese"|1|1|0|0|0|0|0|0|0|0|0|0|0|0|0|0|0|0|0|0|0|0|1|1
248|15|"DELLAS Traianos"|"Roma"|1|1|0|0|0|0|0|0|0|0|0|0|0|0|0|0|0|0|0|0|0|0|1|6
249|15|"DELLI CARRI Daniele"|"Fiorentina"|1|1|1|4.5|0|1|4.5|0|0|0|0|0|0|0|0|0|0|0|0|1|1|0|1|4
250|15|"DI BIAGIO Luigi"|"Brescia"|1|1|1|6.5|0|1|6.5|0|0|0|0|0|0|0|0|0|0|0|0|1|1|0|0|14
251|15|"DIAMOUTENE Seuleyman"|"Lecce"|1|1|1|4.5|0|1|4.5|0|0|0|0|0|0|0|0|0|0|0|0|1|1|0|1|3
252|15|"DOMIZZI Maurizio"|"Brescia"|1|1|0|0|0|0|0|0|0|0|0|0|0|0|0|0|0|0|0|1|0|0|0|7
253|15|"ESTEVES Ricardo"|"Reggina"|1|1|0|0|0|0|0|0|0|0|0|0|0|0|0|0|0|0|0|0|0|0|0|1
254|15|"FALCONE Giulio"|"Sampdoria"|1|1|1|6|0|1|6.5|0|0|0|0|0|1|0|0|0|0|0|0|1|1|0|0|11
255|15|"FALSINI Gianluca"|"Siena"|1|1|1|6|0|1|6|0|0|0|0|0|0|0|0|0|0|0|0|1|1|0|0|6
256|15|"FANUCCI Stefano"|"Livorno"|0|1|0|0|0|0|0|0|0|0|0|0|0|0|0|0|0|0|0|0|0|0|0|1
257|15|"FAVALLI Giuseppe"|"Inter"|1|1|1|4.5|0|1|5|0|0|0|0|0|1|0|0|0|0|0|0|1|1|0|1|12
258|15|"FELIPE"|"Udinese"|1|1|1|6.5|0|1|6.5|0|0|0|0|0|0|0|0|0|0|0|0|1|1|0|1|4
259|15|"FERRARA Ciro"|"Juventus"|1|1|0|0|0|0|0|0|0|0|0|0|0|0|0|0|0|0|0|0|0|0|1|4
260|15|"FERRARI Matteo"|"Roma"|1|1|1|5.5|0|1|5.5|0|0|0|0|0|0|0|0|0|0|0|0|1|1|0|1|9
261|15|"FERRI Michele"|"Palermo"|1|1|0|0|0|0|0|0|0|0|0|0|0|0|0|0|0|0|0|0|0|0|1|1
262|15|"FERRONETTI Damiano"|"Parma"|1|1|1|6|0|1|6|0|0|0|0|0|0|0|0|0|0|0|0|1|0|0|1|4
263|15|"FOGLIO Paolo"|"Siena"|1|1|1|6|0|1|6|0|0|0|0|0|0|0|0|0|0|0|0|1|0|0|0|1
264|15|"FRANCESCHINI Ivan"|"Reggina"|1|1|1|5|0|1|6|0|0|0|0|0|0|1|0|0|0|0|0|1|1|0|0|7
265|15|"FUSCO Luca"|"Messina"|1|1|0|0|0|0|0|0|0|0|0|0|0|0|0|0|0|0|0|0|0|0|1|4
266|15|"GAMARRA Carlos Alberto"|"Inter"|1|1|0|0|0|0|0|0|0|0|0|0|0|0|0|0|0|0|0|0|0|0|1|2
267|15|"GAMBERINI Alessandro"|"Bologna"|1|1|1|6|0|1|6|0|0|0|0|0|0|0|0|0|0|0|0|1|1|0|0|1
268|15|"GASTALDELLO Daniele"|"Chievo"|0|1|0|0|0|0|0|0|0|0|0|0|0|0|0|0|0|0|0|0|0|0|0|3
269|15|"GONNELLA Natale"|"Atalanta"|1|1|0|0|0|0|0|0|0|0|0|0|0|0|0|0|0|0|0|0|0|0|0|5
270|15|"GRANDONI Alessandro"|"Livorno"|1|1|0|0|0|0|0|0|0|0|0|0|0|0|0|0|0|0|0|0|0|0|0|5
271|15|"GROSSO Fabio"|"Palermo"|1|1|1|6|0|1|6|0|0|0|0|0|0|0|0|0|0|0|0|1|1|0|1|13
272|15|"INNOCENTI Duccio"|"Atalanta"|1|1|0|0|0|0|0|0|0|0|0|0|0|0|0|0|0|0|0|0|0|0|0|4
273|15|"IULIANO Mark"|"Juventus"|1|1|0|0|0|0|0|0|0|0|0|0|0|0|0|0|0|0|0|0|0|0|1|4
274|15|"JUAREZ De Souza"|"Bologna"|1|1|1|6|0|1|6|0|0|0|0|0|0|0|0|0|0|0|0|1|1|0|0|5
275|15|"KALADZE Kakha"|"Milan"|1|1|1|7|0|1|7|0|0|0|0|0|0|0|0|0|0|0|0|1|1|0|0|7
276|15|"KROLDRUP Per"|"Udinese"|1|1|0|0|0|0|0|0|0|0|0|0|0|0|0|0|0|0|0|0|0|0|1|10
277|15|"LANNA Salvatore"|"Chievo"|1|1|1|7|0|1|6.5|0|0|0|0|1|1|0|0|0|0|0|0|1|1|0|0|9
278|15|"LANZARO Maurizio"|"Roma"|0|1|0|0|0|0|0|0|0|0|0|0|0|0|0|0|0|0|0|0|0|0|1|2
279|15|"LEGROTTAGLIE Nicola"|"Juventus"|1|1|0|0|0|0|0|0|0|0|0|0|0|0|0|0|0|0|0|0|0|0|1|3
280|15|"LOPEZ Diego"|"Cagliari"|1|1|1|5.5|0|1|5.5|0|0|0|0|0|0|0|0|0|0|0|0|1|1|0|1|6
281|15|"LORENZI Stefano"|"Atalanta"|0|1|0|0|0|0|0|0|0|0|0|0|0|0|0|0|0|0|0|0|0|0|0|4
282|15|"LORIA Simone"|"Cagliari"|1|1|0|0|0|0|0|0|0|0|0|0|0|0|0|0|0|0|0|0|0|0|1|6
283|15|"LUCARELLI Alessandro"|"Livorno"|1|1|1|6|0|1|6|0|0|0|0|0|0|0|0|0|0|0|0|1|1|0|0|6
284|15|"MALAGO' Marco"|"Chievo"|1|1|0|0|0|0|0|0|0|0|0|0|0|0|0|0|0|0|0|0|0|0|0|1
285|15|"MALDINI Paolo"|"Milan"|1|1|1|6.5|0|1|6.5|0|0|0|0|0|0|0|0|0|0|0|0|1|1|0|0|17
286|15|"MALTAGLIATI Roberto"|"Cagliari"|1|1|1|6|0|1|6|0|0|0|0|0|0|0|0|0|0|0|0|1|1|0|1|6
287|15|"MANDELLI Davide"|"Chievo"|1|1|1|6|0|1|6|0|0|0|0|0|0|0|0|0|0|0|0|1|1|0|0|8
288|15|"MANFREDINI Thomas"|"Udinese"|0|1|0|0|0|0|0|0|0|0|0|0|0|0|0|0|0|0|0|0|0|0|1|3
289|15|"MARECO Victor Hugo"|"Brescia"|1|1|1|5|0|1|5|0|0|0|0|0|0|0|0|0|0|0|0|1|1|0|0|5
290|15|"MARTINEZ George"|"Reggina"|0|1|0|0|0|0|0|0|0|0|0|0|0|0|0|0|0|0|0|0|0|0|0|1
291|15|"MARTINEZ VIDAL Gilberto"|"Brescia"|1|1|1|6|0|1|6|0|0|0|0|0|0|0|0|0|0|0|0|1|1|0|0|11
292|15|"MATERAZZI Marco"|"Inter"|1|1|1|5|0|1|5|0|0|0|0|0|0|0|0|0|0|0|0|1|1|0|1|14
293|15|"MELARA Matteo"|"Livorno"|1|1|0|0|0|0|0|0|0|0|0|0|0|0|0|0|0|0|0|0|0|0|0|7
294|15|"MENSAH John"|"Chievo"|1|1|0|0|0|0|0|0|0|0|0|0|0|0|0|0|0|0|0|0|0|0|0|1
295|15|"MEXES Philippe"|"Roma"|1|1|1|6|0|1|6|0|0|0|0|0|0|0|0|0|0|0|0|1|1|0|1|14
296|15|"MICOLUCCI Vittorio"|"Udinese"|0|1|0|0|0|0|0|0|0|0|0|0|0|0|0|0|0|0|0|0|0|0|1|1
297|15|"MIGNANI Michele"|"Siena"|1|1|0|0|0|0|0|0|0|0|0|0|0|0|0|0|0|0|0|0|0|0|0|4
298|15|"MIHAJLOVIC Sinisa"|"Inter"|1|1|0|0|0|0|0|0|0|0|0|0|0|0|0|0|0|0|0|0|0|0|1|10
299|15|"MINELLI Mauro"|"Atalanta"|1|1|0|0|0|0|0|0|0|0|0|0|0|0|0|0|0|0|0|0|0|0|0|3
300|15|"MONTERO Paolo"|"Juventus"|1|1|0|0|0|0|0|0|0|0|0|0|0|0|0|0|0|0|0|0|0|0|1|3
301|15|"MORO Fabio"|"Chievo"|1|1|1|6|0|1|6|0|0|0|0|0|0|0|0|0|0|0|0|1|1|0|0|5
302|15|"NASTASE Valentin V."|"Bologna"|1|1|0|0|0|0|0|0|0|0|0|0|0|0|0|0|0|0|0|0|0|0|0|4
303|15|"NATALI Cesare"|"Atalanta"|1|1|1|6.5|0|1|6.5|0|0|0|0|0|0|0|0|0|0|0|0|1|1|0|0|13
304|15|"NEGRO Paolo"|"Lazio"|1|1|0|0|0|0|0|0|0|0|0|0|0|0|0|0|0|0|0|0|0|0|0|4
305|15|"NESTA Alessandro"|"Milan"|1|1|1|6.5|0|1|6.5|0|0|0|0|0|0|0|0|0|0|0|0|1|1|0|0|19
306|15|"ODDO Massimo"|"Lazio"|1|1|1|5.5|0|1|5.5|0|0|0|0|0|0|0|0|0|0|0|0|1|1|0|0|13
307|15|"OYOLA Gabriel Gaston"|"Parma"|0|1|0|0|0|0|0|0|0|0|0|0|0|0|0|0|0|0|0|0|0|0|1|1
308|15|"PACI Massimo"|"Lecce"|1|1|0|0|0|0|0|0|0|0|0|0|0|0|0|0|0|0|0|0|0|0|1|4
309|15|"PANCARO Giuseppe"|"Milan"|1|1|0|0|0|0|0|0|0|0|0|0|0|0|0|0|0|0|0|0|0|0|0|8
310|15|"PANUCCI Christian"|"Roma"|1|1|1|5.5|0|1|6|0|0|0|0|0|1|0|0|0|0|0|0|1|1|0|1|10
311|15|"PARISI Alessandro"|"Messina"|1|1|0|0|0|0|0|0|0|0|0|0|0|0|0|0|0|0|0|0|0|0|1|16
312|15|"PASQUALE Giovanni"|"Inter"|1|1|0|0|0|0|0|0|0|0|0|0|0|0|0|0|0|0|0|0|0|0|1|1
313|15|"PAVAN Simone"|"Sampdoria"|1|1|0|0|0|0|0|0|0|0|0|0|0|0|0|0|0|0|0|0|0|0|0|1
314|15|"PERNA Armando"|"Livorno"|0|1|0|0|0|0|0|0|0|0|0|0|0|0|0|0|0|0|0|0|0|0|0|1
315|15|"PESARESI Emanuele"|"Chievo"|1|1|0|0|0|0|0|0|0|0|0|0|0|0|0|0|0|0|0|0|0|0|0|1
316|15|"PESSOTTO Gianluca"|"Juventus"|1|1|0|0|0|0|0|0|0|0|0|0|0|0|0|0|0|0|0|0|0|0|1|6
317|15|"PETRUZZI Fabio"|"Bologna"|1|1|0|0|0|0|0|0|0|0|0|0|0|0|0|0|0|0|0|0|0|0|0|11
318|15|"PFERTZEL Marc"|"Livorno"|1|1|0|0|0|0|0|0|0|0|0|0|0|0|0|0|0|0|0|0|0|0|0|6
319|15|"PICCOLO Felice"|"Reggina"|1|1|0|0|0|0|0|0|0|0|0|0|0|0|0|0|0|0|0|1|0|0|0|3
320|15|"PIERINI Alessandro"|"Udinese"|0|1|0|0|0|0|0|0|0|0|0|0|0|0|0|0|0|0|0|0|0|0|1|1
321|15|"PISANO Marco"|"Sampdoria"|1|1|1|6|0|1|6|0|0|0|0|0|0|0|0|0|0|0|0|1|1|0|0|1
323|15|"POTENZA Alessandro"|"Parma"|1|1|1|5|0|1|5|0|0|0|0|0|0|0|0|0|0|0|0|1|1|0|1|5
324|15|"RAFAEL Pereira da Silva"|"Messina"|1|1|1|5|0|1|5|0|0|0|0|0|0|0|0|0|0|0|0|1|1|0|1|5
325|15|"REZAEI Rahman"|"Messina"|1|1|1|6|0|1|6|0|0|0|0|0|0|0|0|0|0|0|0|1|1|0|1|6
326|15|"RIVALTA Claudio"|"Atalanta"|1|1|1|6|0|1|6|0|0|0|0|0|0|0|0|0|0|0|0|1|1|0|0|1
327|15|"RULLO Erminio"|"Lecce"|1|1|1|6|0|1|6|0|0|0|0|0|0|0|0|0|0|0|0|1|1|0|1|5
328|15|"RUSTICO Fabio"|"Atalanta"|1|1|0|0|0|0|0|0|0|0|0|0|0|0|0|0|0|0|0|0|0|0|0|2
329|15|"SABATO Rocco"|"Cagliari"|1|1|0|0|0|0|0|0|0|0|0|0|0|0|0|0|0|0|0|0|0|0|1|1
330|15|"SACCHETTI Stefano"|"Sampdoria"|1|1|0|0|0|0|0|0|0|0|0|0|0|0|0|0|0|0|0|0|0|0|0|4
331|15|"SALA Luigi"|"Atalanta"|1|1|1|5|0|1|5|0|0|0|0|0|0|0|0|0|0|0|0|1|1|0|0|5
332|15|"SANTOS Gleison"|"Atalanta"|1|1|0|0|0|0|0|0|0|0|0|0|0|0|0|0|0|0|0|0|0|0|0|1
333|15|"SARTOR Luigi"|"Roma"|1|1|0|0|0|0|0|0|0|0|0|0|0|0|0|0|0|0|0|0|0|0|1|2
334|15|"SAVINI Mirko"|"Fiorentina"|1|1|0|0|0|0|0|0|0|0|0|0|0|0|0|0|0|0|0|0|0|0|1|4
335|15|"SENSINI Nestor"|"Udinese"|1|1|1|6|0|1|6|0|0|0|0|0|0|0|0|0|0|0|0|1|1|0|1|13
336|15|"SILVESTRI Cristian"|"Lecce"|1|1|0|0|0|0|0|0|0|0|0|0|0|0|0|0|0|0|0|0|0|0|1|3
337|15|"SIMIC Dario"|"Milan"|1|1|0|0|0|0|0|0|0|0|0|0|0|0|0|0|0|0|0|0|0|0|0|2
338|15|"SIVIGLIA Sebastiano"|"Lazio"|1|1|0|0|0|0|0|0|0|0|0|0|0|0|0|0|0|0|0|0|0|0|0|5
339|15|"SMIT Vlado"|"Bologna"|1|1|0|0|0|0|0|0|0|0|0|0|0|0|0|0|0|0|0|0|0|0|0|3
340|15|"SOTTIL Andrea"|"Udinese"|0|1|0|0|0|0|0|0|0|0|0|0|0|0|0|0|0|0|0|0|0|0|1|4
341|15|"STAM Jaap"|"Milan"|1|1|0|0|0|0|0|0|0|0|0|0|0|0|0|0|0|0|0|0|0|0|0|4
342|15|"STANKEVICIUS Marius"|"Brescia"|1|1|1|6.5|0|1|6.5|0|0|0|0|0|0|0|0|0|0|0|0|1|1|0|0|5
343|15|"STOVINI Lorenzo"|"Lecce"|1|1|1|5|0|1|5|0|0|0|0|0|0|0|0|0|0|0|0|1|1|0|1|9
344|15|"SUSSI Andrea"|"Bologna"|1|1|1|6|0|1|6|0|0|0|0|0|0|0|0|0|0|0|0|1|1|0|0|7
345|15|"TERLIZZI Christian"|"Palermo"|1|1|0|0|0|0|0|0|0|0|0|0|0|0|0|0|0|0|0|0|0|0|1|1
346|15|"TERZI Claudio"|"Bologna"|0|1|0|0|0|0|0|0|0|0|0|0|0|0|0|0|0|0|0|0|0|0|0|1
347|15|"THURAM Lilian"|"Juventus"|1|1|1|4.5|0|1|4.5|0|0|0|0|0|0|0|0|0|0|0|0|1|1|0|1|12
348|15|"TONETTO Max"|"Sampdoria"|1|1|1|7|0|1|6|0|0|0|0|1|0|0|0|0|0|0|0|1|1|0|0|10
349|15|"TUDOR Igor"|"Juventus"|1|1|0|0|0|0|0|0|0|0|0|0|0|0|0|0|0|0|0|0|0|0|1|4
350|15|"UJFALUSI Tomas"|"Fiorentina"|1|1|1|5|0|1|5|0|0|0|0|0|0|0|0|0|0|0|0|1|1|0|1|12
351|15|"VANIGLI Richard"|"Livorno"|0|1|0|0|0|0|0|0|0|0|0|0|0|0|0|0|0|0|0|0|0|0|0|3
352|15|"VARGAS Jeorge"|"Livorno"|1|1|1|6|0|1|6|0|0|0|0|0|0|0|0|0|0|0|0|1|1|0|0|7
353|15|"VIALI William"|"Fiorentina"|1|1|1|5|0|1|5|0|0|0|0|0|0|0|0|0|0|0|0|1|1|0|1|6
354|15|"ZACCARDO Cristian"|"Palermo"|1|1|1|6|0|1|6|0|0|0|0|0|0|0|0|0|0|0|0|1|1|0|1|9
355|15|"ZAMBELLI Marco"|"Brescia"|1|1|0|0|0|0|0|0|0|0|0|0|0|0|0|0|0|0|0|0|0|0|0|1
356|15|"ZAMBONI Marco"|"Reggina"|1|1|1|5|0|1|5|0|0|0|0|0|0|0|0|0|0|0|0|1|1|0|0|8
357|15|"ZAMBROTTA Gianluca"|"Juventus"|1|1|1|5|0|1|5|0|0|0|0|0|0|0|0|0|0|0|0|1|1|0|1|18
358|15|"ZANCHI Marco"|"Messina"|1|1|1|5|0|1|5.5|0|0|0|0|0|1|0|0|0|0|0|0|1|1|0|1|6
359|15|"ZANETTI Javier"|"Inter"|1|1|1|5.5|0|1|5.5|0|0|0|0|0|0|0|0|0|0|0|0|1|1|0|1|14
360|15|"ZAURI Luciano"|"Lazio"|1|1|0|0|0|0|0|0|0|0|0|0|0|0|0|0|0|0|0|0|0|0|0|7
361|15|"ZE MARIA"|"Inter"|1|1|0|0|0|0|0|0|0|0|0|0|0|0|0|0|0|0|0|0|0|0|1|12
362|15|"ZEBINA Jonathan"|"Juventus"|1|1|1|6|0|1|6|0|0|0|0|0|0|0|0|0|0|0|0|1|1|0|1|11
363|15|"ZENONI Cristian"|"Sampdoria"|1|1|1|6|0|1|6|0|0|0|0|0|0|0|0|0|0|0|0|1|1|0|0|9
364|15|"ZOBOLI Davide"|"Brescia"|1|1|0|0|0|0|0|0|0|0|0|0|0|0|0|0|0|0|0|0|0|0|0|4
365|15|"ZORO Marco A."|"Messina"|1|1|1|6|0|1|6|0|0|0|0|0|0|0|0|0|0|0|0|1|1|0|1|5
366|15|"PORTANOVA Daniele"|"Siena"|1|1|1|9|0|1|6.5|1|0|0|0|0|1|0|0|0|0|0|0|1|1|0|0|12
367|15|"SORONDO Gonzalo"|"Inter"|0|1|0|0|0|0|0|0|0|0|0|0|0|0|0|0|0|0|0|0|0|0|1|1
368|15|"EVANGELISTI Alessandro"|"Livorno"|1|1|0|0|0|0|0|0|0|0|0|0|0|0|0|0|0|0|0|0|0|0|0|1
369|15|"LOPEZ Oscar"|"Lazio"|1|1|1|5|0|1|5|0|0|0|0|0|0|0|0|0|0|0|0|1|1|0|0|7
370|15|"COUTO Fernando"|"Lazio"|1|1|0|0|0|0|0|0|0|0|0|0|0|0|0|0|0|0|0|0|0|0|0|12
371|15|"OSEI Emmanuel"|"Livorno"|1|1|0|0|0|0|0|0|0|0|0|0|0|0|0|0|0|0|0|0|0|0|0|1
372|15|"TORRISI Stefano"|"Bologna"|1|1|0|0|0|0|0|0|0|0|0|0|0|0|0|0|0|0|0|0|0|0|0|5
373|15|"BELLERI Manuel"|"Udinese"|1|1|0|0|0|0|0|0|0|0|0|0|0|0|0|0|0|0|0|1|0|0|1|4
374|15|"CRIBARI Sanchez Emilson"|"Udinese"|1|1|0|0|0|0|0|0|0|0|0|0|0|0|0|0|0|0|0|0|0|0|1|5
375|15|"SERIC Anthony"|"Lazio"|1|1|1|6|0|1|6|0|0|0|0|0|0|0|0|0|0|0|0|1|0|0|0|4
376|15|"MORABITO Giovanni"|"Reggina"|1|1|0|0|0|0|0|0|0|0|0|0|0|0|0|0|0|0|0|0|0|0|0|3
377|15|"NICOLA Davide"|"Siena"|1|1|1|6|0|1|6|0|0|0|0|0|0|0|0|0|0|0|0|1|1|0|0|7
378|15|"COLOCCINI Fabrizio"|"Milan"|1|1|0|0|0|0|0|0|0|0|0|0|0|0|0|0|0|0|0|0|0|0|0|4
379|15|"THIAGO Pimentel"|"Reggina"|0|1|0|0|0|0|0|0|0|0|0|0|0|0|0|0|0|0|0|0|0|0|0|4
380|15|"BEGA Francesco"|"Cagliari"|1|1|1|5|0|1|6|0|0|0|0|0|0|1|0|0|0|0|0|1|1|0|1|7
381|15|"LEQUI Matias Emanuel"|"Lazio"|1|1|1|5.5|0|1|5.5|0|0|0|0|0|0|0|0|0|0|0|0|1|1|0|0|4
382|15|"ESPOSITO Marco"|"Chievo"|1|1|0|0|0|0|0|0|0|0|0|0|0|0|0|0|0|0|0|0|0|0|0|2
383|15|"DALLAMANO Simone"|"Brescia"|1|1|1|5.5|0|1|5.5|0|0|0|0|0|0|0|0|0|0|0|0|1|1|0|0|5
384|15|"CAMARA Ibrahima Sory"|"Parma"|1|1|0|0|0|0|0|0|0|0|0|0|0|0|0|0|0|0|0|0|0|0|1|2
385|15|"PISANO Francesco"|"Cagliari"|1|1|0|0|0|0|0|0|0|0|0|0|0|0|0|0|0|0|0|0|0|0|1|3
386|15|"GALANTE Fabio"|"Livorno"|1|1|1|6.5|0|1|6.5|0|0|0|0|0|0|0|0|0|0|0|0|1|1|0|0|3
387|15|"ADRIANO Parreira"|"Palermo"|1|1|0|0|0|0|0|0|0|0|0|0|0|0|0|0|0|0|0|0|0|0|1|2
388|15|"D'ALTERIO Salvatore"|"Messina"|1|1|0|0|0|0|0|0|0|0|0|0|0|0|0|0|0|0|0|0|0|0|1|2
389|15|"ERAMO Simone"|"Messina"|1|1|0|0|0|0|0|0|0|0|0|0|0|0|0|0|0|0|0|0|0|0|1|1
390|15|"SCURTO Giuseppe"|"Roma"|1|1|0|0|0|0|0|0|0|0|0|0|0|0|0|0|0|0|0|0|0|0|1|3
391|15|"TEDESCHI Luca"|"Bologna"|1|1|0|0|0|0|0|0|0|0|0|0|0|0|0|0|0|0|0|0|0|0|0|1
501|15|"ABEIJON Nelson"|"Cagliari"|1|2|1|5|0|1|5.5|0|0|0|0|0|1|0|0|0|0|0|0|1|1|0|1|12
502|15|"ALBERTINI Demetrio"|"Atalanta"|1|2|0|0|0|0|0|0|0|0|0|0|0|0|0|0|0|0|0|0|0|0|0|17
503|15|"ALBERTO Valentin Do Carmo"|"Udinese"|1|2|0|0|0|0|0|0|0|0|0|0|0|0|0|0|0|0|0|0|0|0|1|4
504|15|"ALBINO Marcello"|"Cagliari"|1|2|0|0|0|0|0|0|0|0|0|0|0|0|0|0|0|0|0|0|0|0|1|5
505|15|"ALMEYDA Matias"|"Brescia"|0|2|0|0|0|0|0|0|0|0|0|0|0|0|0|0|0|0|0|0|0|0|0|8
506|15|"AMBROSINI Massimo"|"Milan"|1|2|1|7.5|0|1|6.5|0|0|0|0|1|0|0|0|0|0|0|0|1|0|0|0|7
507|15|"AMETRANO Raffaele"|"Messina"|1|2|0|0|0|0|0|0|0|0|0|0|0|0|0|0|0|0|0|0|0|0|1|1
508|15|"AMOROSO Christian"|"Bologna"|1|2|1|6|0|1|6|0|0|0|0|0|0|0|0|0|0|0|0|1|1|0|0|7
509|15|"ANTONINI Luca"|"Sampdoria"|0|2|0|0|0|0|0|0|0|0|0|0|0|0|0|0|0|0|0|0|0|0|0|1
510|15|"APPIAH Stephen"|"Juventus"|1|2|1|6|0|1|6|0|0|0|0|0|0|0|0|0|0|0|0|1|1|0|1|5
511|15|"AQUILANI Alberto"|"Roma"|1|2|1|5.5|0|1|6|0|0|0|0|0|1|0|0|0|0|0|0|1|1|0|1|4
512|15|"ARDITO Andrea"|"Siena"|1|2|0|0|0|0|0|0|0|0|0|0|0|0|0|0|0|0|0|0|0|0|0|4
513|15|"ARGILLI Stefano"|"Siena"|1|2|1|5|0|1|6|0|0|0|0|0|0|1|0|0|0|0|0|1|1|0|0|3
514|15|"ARIATTI Luca"|"Fiorentina"|1|2|0|0|0|0|0|0|0|0|0|0|0|0|0|0|0|0|0|0|0|0|1|5
515|15|"BABU' A. De Oliveira"|"Lecce"|1|2|1|13|0|1|7|2|0|0|0|0|0|0|0|0|0|0|0|1|1|0|1|6
516|15|"BACHINI Jonathan"|"Brescia"|0|2|0|0|0|0|0|0|0|0|0|0|0|0|0|0|0|0|0|0|0|0|0|5
517|15|"BAIOCCO Davide"|"Juventus"|0|2|0|0|0|0|0|0|0|0|0|0|0|0|0|0|0|0|0|0|0|0|1|3
518|15|"BARONE Simone"|"Palermo"|1|2|1|5.5|0|1|6|0|0|0|0|0|1|0|0|0|0|0|0|1|1|0|1|14
519|15|"BARONIO Roberto"|"Chievo"|1|2|1|6|0|1|6|0|0|0|0|0|0|0|0|0|0|0|0|1|1|0|0|10
520|15|"BERNARDINI Antonino"|"Atalanta"|1|2|1|5|0|1|5|0|0|0|0|0|0|0|0|0|0|0|0|1|1|0|0|4
521|15|"BINOTTO Jonatan"|"Bologna"|1|2|0|0|0|0|0|0|0|0|0|0|0|0|0|0|0|0|0|0|0|0|0|1
522|15|"BLASI Manuele"|"Juventus"|1|2|0|0|0|0|0|0|0|0|0|0|0|0|0|0|0|0|0|0|0|0|1|11
523|15|"BOLANO Correa Jorge Eladio"|"Parma"|1|2|0|0|0|0|0|0|0|0|0|0|0|0|0|0|0|0|0|0|0|0|1|4
524|15|"BOUDIANSKI Viktor"|"Reggina"|1|2|0|0|0|0|0|0|0|0|0|0|0|0|0|0|0|0|0|0|0|0|0|1
525|15|"BRAMBILLA Massimo"|"Cagliari"|1|2|1|6|0|1|6|0|0|0|0|0|0|0|0|0|0|0|0|1|1|0|1|8
526|15|"BRESCIANO Mark"|"Parma"|1|2|1|5|0|1|5.5|0|0|0|0|0|1|0|0|0|0|0|0|1|0|0|1|13
527|15|"BRIGHI Matteo"|"Chievo"|1|2|1|5.5|0|1|6|0|0|0|0|0|1|0|0|0|0|0|0|1|1|0|0|11
528|15|"BROCCHI Cristian"|"Milan"|1|2|0|0|0|0|0|0|0|0|0|0|0|0|0|0|0|0|0|0|0|0|0|4
529|15|"BUDEL Alessandro"|"Parma"|1|2|1|4.5|0|1|4.5|0|0|0|0|0|0|0|0|0|0|0|0|1|1|0|1|4
530|15|"CAMBIASSO Esteban"|"Inter"|1|2|1|5.5|0|1|6|0|0|0|0|0|1|0|0|0|0|0|0|1|1|0|1|13
531|15|"CAMORANESI Mauro"|"Juventus"|1|2|1|6.5|0|1|6.5|0|0|0|0|0|0|0|0|0|0|0|0|1|1|0|1|18
532|15|"CAMORANI Alfonso"|"Siena"|1|2|0|0|0|0|0|0|0|0|0|0|0|0|0|0|0|0|0|0|0|0|0|5
533|15|"CAMPOLO Sergio"|"Messina"|0|2|0|0|0|0|0|0|0|0|0|0|0|0|0|0|0|0|0|0|0|0|1|1
534|15|"CARRUS Davide"|"Fiorentina"|0|2|0|0|0|0|0|0|0|0|0|0|0|0|0|0|0|0|0|0|0|0|1|1
535|15|"CASSETTI Marco"|"Lecce"|1|2|1|6|0|1|6|0|0|0|0|0|0|0|0|0|0|0|0|1|1|0|1|15
536|15|"CESAR Rodriguez Aparecido"|"Lazio"|1|2|0|0|0|0|0|0|0|0|0|0|0|0|0|0|0|0|0|0|0|0|0|9
537|15|"CIARAMITARO Maurizio"|"Livorno"|0|2|0|0|0|0|0|0|0|0|0|0|0|0|0|0|0|0|0|0|0|0|0|3
538|15|"COLUCCI Leonardo"|"Bologna"|1|2|1|5.5|0|1|6|0|0|0|0|0|1|0|0|0|0|0|0|1|1|0|0|3
539|15|"CONTI Daniele"|"Cagliari"|1|2|1|6|0|1|6|0|0|0|0|0|0|0|0|0|0|0|0|1|0|0|1|5
540|15|"COPPOLA Carmine"|"Messina"|1|2|1|5.5|0|1|6|0|0|0|0|0|1|0|0|0|0|0|0|1|1|0|1|6
541|15|"CORINI Eugenio"|"Palermo"|1|2|1|7|0|1|7|0|0|0|0|0|0|0|0|0|0|0|0|1|1|0|1|20
542|15|"DABO Ousmane"|"Lazio"|1|2|1|5.5|0|1|5.5|0|0|0|0|0|0|0|0|0|0|0|0|1|1|0|0|4
543|15|"DACOURT Olivier"|"Roma"|1|2|0|0|0|0|0|0|0|0|0|0|0|0|0|0|0|0|0|0|0|0|1|9
544|15|"D'AGOSTINO Gaetano"|"Roma"|1|2|1|5.5|0|1|5.5|0|0|0|0|0|0|0|0|0|0|0|0|1|0|0|1|4
545|15|"DALLA BONA Samuele"|"Lecce"|1|2|1|6|0|1|6|0|0|0|0|0|0|0|0|0|0|0|0|1|1|0|1|15
546|15|"D'AVERSA Roberto"|"Siena"|1|2|0|0|0|0|0|0|0|0|0|0|0|0|0|0|0|0|0|0|0|0|0|4
547|15|"DAVIDS Edgar"|"Inter"|1|2|0|0|0|0|0|0|0|0|0|0|0|0|0|0|0|0|0|0|0|0|1|14
548|15|"DE ROSSI Daniele"|"Roma"|1|2|1|5.5|0|1|5.5|0|0|0|0|0|0|0|0|0|0|0|0|1|1|0|1|15
549|15|"DE VEZZE Daniele"|"Fiorentina"|0|2|0|0|0|0|0|0|0|0|0|0|0|0|0|0|0|0|0|0|0|0|1|2
550|15|"DEL NERO Simone"|"Brescia"|1|2|0|0|0|0|0|0|0|0|0|0|0|0|0|0|0|0|0|1|0|0|0|13
551|15|"DELNEVO Loris"|"Cagliari"|1|2|0|0|0|0|0|0|0|0|0|0|0|0|0|0|0|0|0|0|0|0|1|4
552|15|"DHORASOO Vikash"|"Milan"|1|2|1|6.5|0|1|6.5|0|0|0|0|0|0|0|0|0|0|0|0|1|0|0|0|6
553|15|"DI DONATO Daniele"|"Siena"|1|2|0|0|0|0|0|0|0|0|0|0|0|0|0|0|0|0|0|0|0|0|0|5
554|15|"DI LIVIO Angelo"|"Fiorentina"|1|2|0|0|0|0|0|0|0|0|0|0|0|0|0|0|0|0|0|0|0|0|1|2
555|15|"DIANA Aimo"|"Sampdoria"|1|2|1|6|0|1|6|0|0|0|0|0|0|0|0|0|0|0|0|1|0|0|0|14
556|15|"DIARRA Drissa"|"Lecce"|1|2|0|0|0|0|0|0|0|0|0|0|0|0|0|0|0|0|0|0|0|0|1|4
557|15|"DOGA Alessandro"|"Livorno"|1|2|1|6.5|0|1|6.5|0|0|0|0|0|0|0|0|0|0|0|0|1|1|0|0|5
558|15|"DONADEL Marco"|"Sampdoria"|1|2|0|0|0|0|0|0|0|0|0|0|0|0|0|0|0|0|0|1|0|0|0|6
559|15|"DONATI Massimo"|"Messina"|1|2|1|6.5|0|1|6.5|0|0|0|0|0|0|0|0|0|0|0|0|1|1|0|1|8
560|15|"DONI Cristiano"|"Sampdoria"|1|2|1|6.5|0|1|6.5|0|0|0|0|0|0|0|0|0|0|0|0|1|1|0|0|10
561|15|"EDUSEI Mark"|"Sampdoria"|1|2|0|0|0|0|0|0|0|0|0|0|0|0|0|0|0|0|0|0|0|0|0|1
562|15|"EMERSON Ferreira"|"Juventus"|1|2|1|7|0|1|7|0|0|0|0|0|0|0|0|0|0|0|0|1|1|0|1|26
563|15|"EMRE Belozoglu"|"Inter"|1|2|1|5.5|0|1|5.5|0|0|0|0|0|0|0|0|0|0|0|0|1|1|0|1|5
564|15|"EREMENKO Alexei"|"Lecce"|1|2|0|0|0|0|0|0|0|0|0|0|0|0|0|0|0|0|0|1|0|0|1|5
566|15|"MENEGAZZO Fernando"|"Siena"|1|2|0|0|0|0|0|0|0|0|0|0|0|0|0|0|0|0|0|0|0|0|0|4
567|15|"FILIPPINI Antonio"|"Lazio"|1|2|1|6.5|0|1|6.5|0|0|0|0|0|0|0|0|0|0|0|0|1|1|0|0|7
568|15|"FILIPPINI Emanuele"|"Lazio"|1|2|0|0|0|0|0|0|0|0|0|0|0|0|0|0|0|0|0|0|0|0|0|4
569|15|"FIUMICELLI Ernesto Luca"|"Brescia"|1|2|0|0|0|0|0|0|0|0|0|0|0|0|0|0|0|0|0|0|0|0|0|1
570|15|"FONTANA Gaetano"|"Fiorentina"|1|2|0|0|0|0|0|0|0|0|0|0|0|0|0|0|0|0|0|0|0|0|1|3
571|15|"FRANCESCHINI Daniele"|"Chievo"|1|2|1|5|0|1|5|0|0|0|0|0|0|0|0|0|0|0|0|1|1|0|0|7
572|15|"GASBARRONI Andrea"|"Palermo"|1|2|0|0|0|0|0|0|0|0|0|0|0|0|0|0|0|0|0|1|0|0|1|13
573|15|"GATTUSO Ivan Gennaro"|"Milan"|1|2|1|6.5|0|1|6.5|0|0|0|0|0|0|0|0|0|0|0|0|1|1|0|0|14
574|15|"GAUTIERI Carmine"|"Atalanta"|1|2|0|0|0|0|0|0|0|0|0|0|0|0|0|0|0|0|0|1|0|0|0|12
575|15|"GEMITI Giuseppe"|"Udinese"|0|2|0|0|0|0|0|0|0|0|0|0|0|0|0|0|0|0|0|0|0|0|1|1
576|15|"GENTILE Andrea"|"Messina"|0|2|0|0|0|0|0|0|0|0|0|0|0|0|0|0|0|0|0|0|0|0|1|2
577|15|"GIACOMAZZI Guillermo"|"Lecce"|1|2|1|5.5|0|1|6|0|0|0|0|0|1|0|0|0|0|0|0|1|1|0|1|12
578|15|"GIALLOMBARDO Andrea"|"Livorno"|1|2|1|6|0|1|6|0|0|0|0|0|0|0|0|0|0|0|0|1|1|0|0|7
579|15|"GIAMPA' Domenico"|"Messina"|1|2|0|0|0|0|0|0|0|0|0|0|0|0|0|0|0|0|0|0|0|0|1|4
580|15|"GIANNICHEDDA Giuliano"|"Lazio"|1|2|1|6.5|0|1|6.5|0|0|0|0|0|0|0|0|0|0|0|0|1|1|0|0|11
581|15|"GIUNTI Federico"|"Bologna"|1|2|0|0|0|0|0|0|0|0|0|0|0|0|0|0|0|0|0|0|0|0|0|4
582|15|"GOBBI Massimo"|"Cagliari"|1|2|1|5.5|0|1|5.5|0|0|0|0|0|0|0|0|0|0|0|0|1|1|0|1|11
583|15|"GRAUSO Claudio"|"Livorno"|1|2|0|0|0|0|0|0|0|0|0|0|0|0|0|0|0|0|0|1|0|0|0|4
584|15|"GUANA Roberto"|"Brescia"|1|2|1|6|0|1|6|0|0|0|0|0|0|0|0|0|0|0|0|1|1|0|0|7
585|15|"GUIGOU Gianni"|"Fiorentina"|1|2|0|0|0|0|0|0|0|0|0|0|0|0|0|0|0|0|0|0|0|0|1|4
586|15|"GULY Andres"|"Inter"|0|2|0|0|0|0|0|0|0|0|0|0|0|0|0|0|0|0|0|0|0|0|1|1
587|15|"HELGUERA Ivan"|"Fiorentina"|1|2|0|0|0|0|0|0|0|0|0|0|0|0|0|0|0|0|0|0|0|0|1|1
588|15|"JANKULOVSKI Marek"|"Udinese"|1|2|1|6|0|1|6|0|0|0|0|0|0|0|0|0|0|0|0|1|1|0|1|20
589|15|"JORGENSEN Martin"|"Fiorentina"|1|2|0|0|0|0|0|0|0|0|0|0|0|0|0|0|0|0|0|0|0|0|1|16
590|15|"JUNIOR Denilson de Souza"|"Parma"|0|2|0|0|0|0|0|0|0|0|0|0|0|0|0|0|0|0|0|0|0|0|1|2
591|15|"KAKA Ricardo"|"Milan"|1|2|1|9|0|1|7|0|0|0|0|2|0|0|0|0|0|0|0|1|1|0|0|33
592|15|"KAPO Olivier"|"Juventus"|1|2|0|0|0|0|0|0|0|0|0|0|0|0|0|0|0|0|0|1|0|0|1|8
593|15|"KARAGOUNIS Giorgios"|"Inter"|1|2|0|0|0|0|0|0|0|0|0|0|0|0|0|0|0|0|0|1|0|0|1|4
594|15|"KILY GONZALEZ"|"Inter"|1|2|0|0|0|0|0|0|0|0|0|0|0|0|0|0|0|0|0|0|0|0|1|4
595|15|"LAMOUCHI Sabri"|"Inter"|0|2|0|0|0|0|0|0|0|0|0|0|0|0|0|0|0|0|0|0|0|0|1|1
596|15|"LAVECCHIA Luigi"|"Messina"|0|2|0|0|0|0|0|0|0|0|0|0|0|0|0|0|0|0|0|0|0|0|1|2
597|15|"LEDESMA Christian"|"Lecce"|1|2|1|7.5|0|1|6.5|0|0|0|0|1|0|0|0|0|0|0|0|1|1|0|1|14
598|15|"LEON Julio Cesar"|"Reggina"|0|2|0|0|0|0|0|0|0|0|0|0|0|0|0|0|0|0|0|0|0|0|0|1
599|15|"LIMBERSKY David"|"Udinese"|1|2|0|0|0|0|0|0|0|0|0|0|0|0|0|0|0|0|0|0|0|0|1|1
600|15|"LIVERANI Fabio"|"Lazio"|1|2|0|0|0|0|0|0|0|0|0|0|0|0|0|0|0|0|0|0|0|0|0|7
601|15|"LOVISO Massimo"|"Bologna"|1|2|1|5.5|0|1|5.5|0|0|0|0|0|0|0|0|0|0|0|0|1|0|0|0|3
602|15|"LUCIANO"|"Chievo"|1|2|1|8|0|1|7|0|0|0|0|1|0|0|0|0|0|0|0|1|1|0|0|5
603|15|"MAGGIO Cristian"|"Fiorentina"|1|2|0|0|0|0|0|0|0|0|0|0|0|0|0|0|0|0|0|0|0|0|1|3
604|15|"MAMEDE Jose' Aleixo"|"Messina"|1|2|0|0|0|0|0|0|0|0|0|0|0|0|0|0|0|0|0|0|0|0|1|4
605|15|"MANCINI Amantino"|"Roma"|1|2|1|10|0|1|7|1|0|1|0|0|0|0|1|0|0|0|0|1|1|0|1|22
606|15|"MANNINI"|"Brescia"|1|2|0|0|0|0|0|0|0|0|0|0|0|0|0|0|0|0|0|1|0|0|0|7
607|15|"MARCHIONNI Marco"|"Parma"|1|2|0|0|0|0|0|0|0|0|0|0|0|0|0|0|0|0|0|0|0|0|1|16
608|15|"MARCOLINI Michele"|"Atalanta"|1|2|1|6|0|1|6.5|0|0|0|0|0|1|0|0|0|0|0|0|1|1|0|0|9
609|15|"MARESCA Enzo"|"Fiorentina"|1|2|1|5|0|1|5|0|0|0|0|0|0|0|0|0|0|0|0|1|1|0|1|16
610|15|"MARIANINI Francesco"|"Lecce"|1|2|0|0|0|0|0|0|0|0|0|0|0|0|0|0|0|0|0|0|0|0|1|4
611|15|"MESTO Giandomenico"|"Reggina"|1|2|1|5|0|1|5.5|0|0|0|0|0|1|0|0|0|0|0|0|1|1|0|0|8
612|15|"MINGAZZINI Nicola"|"Atalanta"|1|2|1|4.5|0|1|5|0|0|0|0|0|1|0|0|0|0|0|0|1|1|0|0|4
613|15|"MONTOLIVO Riccardo"|"Atalanta"|1|2|1|5|0|1|5|0|0|0|0|0|0|0|0|0|0|0|0|1|1|0|0|15
614|15|"MORFEO Domenico"|"Parma"|1|2|1|5.5|0|1|5.5|0|0|0|0|0|0|0|0|0|0|0|0|1|0|0|1|15
615|15|"MORRONE Stefano"|"Palermo"|1|2|0|0|0|0|0|0|0|0|0|0|0|0|0|0|0|0|0|0|0|0|1|4
616|15|"MOZART Junior Santos"|"Reggina"|1|2|1|6.5|0|1|6.5|0|0|0|0|0|0|0|0|0|0|0|0|1|1|0|0|8
617|15|"MUNTARI Sulley Ali"|"Udinese"|1|2|1|5.5|0|1|6|0|0|0|0|0|1|0|0|0|0|0|0|1|1|0|1|5
618|15|"MUTARELLI Massimo"|"Palermo"|1|2|1|5|0|1|5|0|0|0|0|0|0|0|0|0|0|0|0|1|1|0|1|7
619|15|"NAKAMURA Shunsuke"|"Reggina"|1|2|1|6|0|1|6.5|0|0|0|0|0|1|0|0|0|0|0|0|1|1|0|0|11
620|15|"NAKATA Hidetoshi"|"Fiorentina"|1|2|1|5.5|0|1|5.5|0|0|0|0|0|0|0|0|0|0|0|0|1|0|0|1|17
621|15|"NEDVED Pavel"|"Juventus"|1|2|1|10.5|0|1|7.5|1|0|1|0|0|0|0|0|0|0|0|0|1|1|0|1|29
622|15|"NERVO Carlo"|"Bologna"|1|2|0|0|0|0|0|0|0|0|0|0|0|0|0|0|0|0|0|0|0|0|0|6
623|15|"OBODO Chris"|"Fiorentina"|1|2|1|5|0|1|5|0|0|0|0|0|0|0|0|0|0|0|0|1|1|0|1|12
624|15|"OLIVERA Ruben"|"Juventus"|1|2|0|0|0|0|0|0|0|0|0|0|0|0|0|0|0|0|0|0|0|0|1|11
625|15|"PAGANO Biagio"|"Sampdoria"|1|2|0|0|0|0|0|0|0|0|0|0|0|0|0|0|0|0|0|0|0|0|0|2
626|15|"PALOMBO Angelo"|"Sampdoria"|1|2|1|7|0|1|7|0|0|0|0|0|0|0|0|0|0|0|0|1|1|0|0|8
627|15|"PANDEV Goran"|"Lazio"|1|2|1|6.5|0|1|6.5|0|0|0|0|0|0|0|0|0|0|0|0|1|1|0|0|12
628|15|"PAREDES Carlos Humberto"|"Reggina"|1|2|1|10|0|1|7|1|0|0|0|0|0|0|0|0|0|0|0|1|1|0|0|8
629|15|"PASSONI Dario"|"Livorno"|1|2|1|6.5|0|1|6.5|0|0|0|0|0|0|0|0|0|0|0|0|1|1|0|0|6
630|15|"PAZIENZA Michele"|"Udinese"|1|2|1|4.5|0|1|5|0|0|0|0|0|1|0|0|0|0|0|0|1|1|0|1|4
631|15|"PECCHIA Fabio"|"Siena"|1|2|1|6|0|1|6|0|0|0|0|0|0|0|0|0|0|0|0|1|1|0|0|10
632|15|"PERROTTA Simone"|"Roma"|1|2|1|6|0|1|6|0|0|0|0|0|0|0|0|0|0|0|0|1|1|0|1|13
633|15|"PIANGERELLI Luigi"|"Fiorentina"|1|2|1|5.5|0|1|5.5|0|0|0|0|0|0|0|0|0|0|0|0|1|1|0|1|3
634|15|"PIERI Mirko"|"Udinese"|1|2|0|0|0|0|0|0|0|0|0|0|0|0|0|0|0|0|0|0|0|0|1|1
635|15|"PINARDI Alex"|"Lecce"|1|2|1|6|0|1|6|0|0|0|0|0|0|0|0|0|0|0|0|1|1|0|1|7
636|15|"PINNA Sebastiano"|"Cagliari"|0|2|0|0|0|0|0|0|0|0|0|0|0|0|0|0|0|0|0|0|0|0|1|1
637|15|"PINZI Giampiero"|"Udinese"|1|2|0|0|0|0|0|0|0|0|0|0|0|0|0|0|0|0|0|0|0|0|1|8
638|15|"PIRLO Andrea"|"Milan"|1|2|1|5|0|1|7|0|0|0|0|1|0|0|1|0|0|1|0|1|1|0|0|25
639|15|"PIZARRO David Cortes"|"Udinese"|1|2|1|7|0|1|7|0|0|0|0|0|0|0|0|0|0|0|0|1|1|0|1|20
640|15|"REBECCHI Mario"|"Inter"|1|2|0|0|0|0|0|0|0|0|0|0|0|0|0|0|0|0|0|0|0|0|1|4
641|15|"ROSINA Alessandro"|"Parma"|1|2|1|5|0|1|5|0|0|0|0|0|0|0|0|0|0|0|0|1|1|0|1|4
642|15|"RUI COSTA Manuel"|"Milan"|1|2|1|6.5|0|1|6.5|0|0|0|0|0|0|0|0|0|0|0|0|1|0|0|0|13
643|15|"RUOTOLO Gennaro"|"Livorno"|1|2|0|0|0|0|0|0|0|0|0|0|0|0|0|0|0|0|0|0|0|0|0|1
644|15|"SANTANA Mario Alberto"|"Palermo"|1|2|1|4.5|0|1|4.5|0|0|0|0|0|0|0|0|0|0|0|0|1|0|0|1|12
645|15|"SCHOPP Markus"|"Brescia"|1|2|1|6|0|1|6|0|0|0|0|0|0|0|0|0|0|0|0|1|1|0|0|5
646|15|"SEEDORF Clarence"|"Milan"|1|2|1|13.5|0|1|7.5|2|0|1|0|0|0|0|0|0|0|0|0|1|1|0|0|16
647|15|"SEMIOLI Franco"|"Chievo"|1|2|1|5|0|1|5|0|0|0|0|0|0|0|0|0|0|0|0|1|0|0|0|15
648|15|"SERGINHO Claudio Santos"|"Milan"|1|2|0|0|0|0|0|0|0|0|0|0|0|0|0|0|0|0|0|0|0|0|0|7
649|15|"STANKOVIC Dejan"|"Inter"|1|2|1|5|0|1|5|0|0|0|0|0|0|0|0|0|0|0|0|1|1|0|1|23
650|15|"SULLO Salvatore"|"Messina"|1|2|1|6|0|1|6|0|0|0|0|0|0|0|0|0|0|0|0|1|0|0|1|8
651|15|"TACCHINARDI Alessio"|"Juventus"|1|2|1|6|0|1|6|0|0|0|0|0|0|0|0|0|0|0|0|1|0|0|1|5
652|15|"TADDEI Rodrigo"|"Siena"|1|2|1|5.5|0|1|6|0|0|0|0|0|1|0|0|0|0|0|0|1|1|0|0|4
653|15|"TEDESCO Giacomo"|"Reggina"|1|2|0|0|0|0|0|0|0|0|0|0|0|0|0|0|0|0|0|0|0|0|0|7
654|15|"TOLEDO Machado"|"Udinese"|0|2|0|0|0|0|0|0|0|0|0|0|0|0|0|0|0|0|0|0|0|0|1|3
655|15|"TOMMASI Damiano"|"Roma"|1|2|0|0|0|0|0|0|0|0|0|0|0|0|0|0|0|0|0|0|0|0|1|1
656|15|"VALDES Jaime"|"Fiorentina"|1|2|0|0|0|0|0|0|0|0|0|0|0|0|0|0|0|0|0|0|0|0|1|4
657|15|"VAN DER MEYDE Andy"|"Inter"|1|2|0|0|0|0|0|0|0|0|0|0|0|0|0|0|0|0|0|0|0|0|1|6
658|15|"VANNUCCHI Ighli"|"Palermo"|0|2|0|0|0|0|0|0|0|0|0|0|0|0|0|0|0|0|0|0|0|0|1|3
659|15|"VERGASSOLA Simone"|"Siena"|1|2|1|6|0|1|6|0|0|0|0|0|0|0|0|0|0|0|0|1|1|0|0|6
660|15|"VERON Juan Sebastian"|"Inter"|1|2|0|0|0|0|0|0|0|0|0|0|0|0|0|0|0|0|0|0|0|0|1|15
661|15|"VIDIGAL Da Cruz"|"Livorno"|1|2|1|7|0|1|7|0|0|0|0|0|0|0|0|0|0|0|0|1|1|0|0|9
662|15|"VIGIANI Luca"|"Livorno"|1|2|1|6|0|1|6|0|0|0|0|0|0|0|0|0|0|0|0|1|0|0|0|10
663|15|"VOLPI Sergio"|"Sampdoria"|1|2|1|5.5|0|1|6|0|0|0|0|0|1|0|0|0|0|0|0|1|1|0|0|13
664|15|"ZAGORAKIS Theodoros"|"Bologna"|1|2|1|6.5|0|1|6.5|0|0|0|0|0|0|0|0|0|0|0|0|1|1|0|0|14
665|15|"ZANCHETTA Andrea"|"Chievo"|1|2|1|5|0|1|5|0|0|0|0|0|0|0|0|0|0|0|0|1|0|0|0|4
666|15|"ZANETTI Cristiano"|"Inter"|1|2|1|5.5|0|1|5.5|0|0|0|0|0|0|0|0|0|0|0|0|1|1|0|1|6
667|15|"ZAULI Lamberto"|"Palermo"|1|2|1|6|0|1|6|0|0|0|0|0|0|0|0|0|0|0|0|1|1|0|1|8
668|15|"ZENONI Damiano"|"Atalanta"|1|2|1|6|0|1|6|0|0|0|0|0|0|0|0|0|0|0|0|1|1|0|0|9
669|15|"ZIVKOVIC Bratislav"|"Sampdoria"|1|2|0|0|0|0|0|0|0|0|0|0|0|0|0|0|0|0|0|0|0|0|0|1
670|15|"CORDOVA Nicolas"|"Livorno"|1|2|0|0|0|0|0|0|0|0|0|0|0|0|0|0|0|0|0|0|0|0|0|5
671|15|"GONZALES Mariano"|"Palermo"|1|2|0|0|0|0|0|0|0|0|0|0|0|0|0|0|0|0|0|0|0|0|1|7
672|15|"VERON Ricardo"|"Reggina"|1|2|0|0|0|0|0|0|0|0|0|0|0|0|0|0|0|0|0|0|0|0|0|2
673|15|"ABATE Ignazio"|"Milan"|0|2|0|0|0|0|0|0|0|0|0|0|0|0|0|0|0|0|0|0|0|0|0|1
674|15|"SIMPLICIO Fabio"|"Parma"|1|2|1|5|0|1|5|0|0|0|0|0|0|0|0|0|0|0|0|1|1|0|1|6
675|15|"DEFRANCESCHI Ivone"|"Chievo"|1|2|0|0|0|0|0|0|0|0|0|0|0|0|0|0|0|0|0|0|0|0|0|4
676|15|"GAMBADORI Alessandro"|"Livorno"|1|2|0|0|0|0|0|0|0|0|0|0|0|0|0|0|0|0|0|0|0|0|0|1
677|15|"RAIMONDI Cristian"|"Palermo"|1|2|0|0|0|0|0|0|0|0|0|0|0|0|0|0|0|0|0|0|0|0|1|4
678|15|"COLUCCI Giuseppe"|"Reggina"|1|2|1|6.5|0|1|6.5|0|0|0|0|0|0|0|0|0|0|0|0|1|1|0|0|12
679|15|"GRELLA Vincenzo"|"Parma"|1|2|0|0|0|0|0|0|0|0|0|0|0|0|0|0|0|0|0|0|0|0|1|7
680|15|"GONZALEZ Esteban"|"Lazio"|1|2|0|0|0|0|0|0|0|0|0|0|0|0|0|0|0|0|0|0|0|0|0|4
681|15|"MEA Miguel Angel"|"Lazio"|1|2|0|0|0|0|0|0|0|0|0|0|0|0|0|0|0|0|0|0|0|0|0|3
682|15|"TALAMONTI Leonardo"|"Lazio"|1|2|1|5|0|1|5|0|0|0|0|0|0|0|0|0|0|0|0|1|1|0|0|5
683|15|"ROBERT Bryan"|"Lazio"|1|2|0|0|0|0|0|0|0|0|0|0|0|0|0|0|0|0|0|0|0|0|0|4
684|15|"MAURI Stefano"|"Udinese"|1|2|1|5.5|0|1|6|0|0|0|0|0|1|0|0|0|0|0|0|1|0|0|1|13
685|15|"MILANETTO Omar"|"Brescia"|1|2|1|5.5|0|1|6|0|0|0|0|0|1|0|0|0|0|0|0|1|1|0|0|11
686|15|"ALLEGRETTI Riccardo"|"Chievo"|1|2|0|0|0|0|0|0|0|0|0|0|0|0|0|0|0|0|0|1|0|0|0|4
687|15|"DELLA MORTE Ivano"|"Siena"|0|2|0|0|0|0|0|0|0|0|0|0|0|0|0|0|0|0|0|0|0|0|0|7
688|15|"PERALTA Horacio"|"Cagliari"|1|2|0|0|0|0|0|0|0|0|0|0|0|0|0|0|0|0|0|0|0|0|1|4
689|15|"CUCCIARI Alessandro"|"Messina"|1|2|0|0|0|0|0|0|0|0|0|0|0|0|0|0|0|0|0|0|0|0|1|4
690|15|"ESPOSITO Gennaro"|"Siena"|1|2|0|0|0|0|0|0|0|0|0|0|0|0|0|0|0|0|0|0|0|0|0|2
691|15|"GONIAS Panagiotis"|"Messina"|1|2|1|5.5|0|1|5.5|0|0|0|0|0|0|0|0|0|0|0|0|1|0|0|1|3
692|15|"DE MARTINO Raffaele"|"Roma"|1|2|0|0|0|0|0|0|0|0|0|0|0|0|0|0|0|0|0|0|0|0|1|3
693|15|"SAMMARCO Paolo"|"Chievo"|1|2|0|0|0|0|0|0|0|0|0|0|0|0|0|0|0|0|0|0|0|0|0|1
801|15|"ADRIANO Leite Ribeiro"|"Inter"|1|3|1|5|0|1|5|1|0|0|0|0|0|0|2|0|0|1|0|1|1|0|1|58
802|15|"AMAURI Carvalho De O."|"Chievo"|1|3|1|5.5|0|1|5.5|0|0|0|0|0|0|0|0|0|0|0|0|1|1|0|0|9
804|15|"BAZZANI Fabio"|"Sampdoria"|1|3|1|6|0|1|6|0|0|0|0|0|0|0|0|0|0|0|0|1|1|0|0|29
805|15|"BELLUCCI Claudio"|"Bologna"|1|3|1|6.5|0|1|6.5|0|0|0|0|0|0|0|0|0|0|0|0|1|1|0|0|12
806|15|"BIANCHI Rolando"|"Cagliari"|1|3|0|0|0|0|0|0|0|0|0|0|0|0|0|0|0|0|0|0|0|0|1|4
807|15|"BILIOTTI Emiliano"|"Livorno"|0|3|0|0|0|0|0|0|0|0|0|0|0|0|0|0|0|0|0|0|0|0|0|3
808|15|"BOGDANI Erjon"|"Reggina"|0|3|0|0|0|0|0|0|0|0|0|0|0|0|0|0|0|0|0|0|0|0|0|7
809|15|"BOJINOV Valeri E."|"Lecce"|1|3|1|9.5|0|1|6.5|1|0|0|0|0|0|0|0|0|0|0|0|1|1|0|1|31
810|15|"BONAZZOLI Emiliano"|"Reggina"|1|3|1|5.5|0|1|5.5|0|0|0|0|0|0|0|0|0|0|0|0|1|1|0|0|21
811|15|"BORRIELLO Marco"|"Reggina"|1|3|0|0|0|0|0|0|0|0|0|0|0|0|0|0|0|0|0|1|0|0|0|18
812|15|"BRIENZA Franco"|"Palermo"|1|3|1|7|0|1|7|0|0|0|0|0|0|0|0|0|0|0|0|1|1|0|1|14
813|15|"BUDAN Igor"|"Atalanta"|1|3|1|6|0|1|6|0|0|0|0|0|0|0|0|0|0|0|0|1|1|0|0|12
814|15|"CAMMARATA Fabrizio"|"Cagliari"|0|3|0|0|0|0|0|0|0|0|0|0|0|0|0|0|0|0|0|0|0|0|1|4
815|15|"CAPONE Andrea"|"Cagliari"|0|3|0|0|0|0|0|0|0|0|0|0|0|0|0|0|0|0|0|0|0|0|1|5
816|15|"CARACCIOLO Andrea"|"Brescia"|1|3|1|5.5|0|1|5.5|0|0|0|0|0|0|0|0|0|0|0|0|1|1|0|0|26
817|15|"CASSANO Antonio"|"Roma"|1|3|1|6|0|1|6|0|0|0|0|0|0|0|0|0|0|0|0|1|1|0|1|31
818|15|"CERCI Alessio"|"Roma"|1|3|0|0|0|0|0|0|0|0|0|0|0|0|0|0|0|0|0|0|0|0|1|2
819|15|"CHIESA Enrico"|"Siena"|1|3|1|6|0|1|6|0|0|0|0|0|0|0|0|0|0|0|0|1|1|0|0|25
820|15|"CHIUMIENTO Davide"|"Siena"|1|3|0|0|0|0|0|0|0|0|0|0|0|0|0|0|0|0|0|1|0|0|0|6
821|15|"CIPRIANI Giacomo"|"Bologna"|1|3|1|7.5|0|1|7.5|0|0|0|0|0|0|0|0|0|0|0|0|1|1|0|0|18
822|15|"COLOMBO Corrado"|"Livorno"|1|3|0|0|0|0|0|0|0|0|0|0|0|0|0|0|0|0|0|1|0|0|0|10
823|15|"COMANDINI Gianni"|"Atalanta"|1|3|0|0|0|0|0|0|0|0|0|0|0|0|0|0|0|0|0|0|0|0|0|4
824|15|"CORVIA Daniele"|"Roma"|1|3|1|5.5|0|1|5.5|0|0|0|0|0|0|0|0|0|0|0|0|1|0|0|1|3
825|15|"COSSATO Federico"|"Chievo"|1|3|1|13|0|1|7.5|2|0|1|0|0|1|0|0|0|0|0|0|1|1|0|0|13
826|15|"CRESPO Hernan"|"Milan"|1|3|1|15|0|1|8|2|0|0|0|1|0|0|0|0|0|0|0|1|1|0|0|26
827|15|"CRUZ Julio Ricardo"|"Inter"|1|3|0|0|0|0|0|0|0|0|0|0|0|0|0|0|0|0|0|1|0|0|1|9
828|15|"DANILEVICIUS Tomas"|"Livorno"|1|3|1|6|0|1|5.5|0|0|0|0|1|1|0|0|0|0|0|0|1|1|0|0|6
829|15|"DEGANO Daniel"|"Parma"|1|3|0|0|0|0|0|0|0|0|0|0|0|0|0|0|0|0|0|0|0|0|1|3
830|15|"DEL PIERO Alessandro"|"Juventus"|1|3|1|5|0|1|5|0|0|0|0|0|0|0|0|0|0|0|0|1|1|0|1|34
831|15|"DELGADO Alfonso Roberto"|"Lazio"|1|3|0|0|0|0|0|0|0|0|0|0|0|0|0|0|0|0|0|0|0|0|0|2
832|15|"DELLA Rocca Luigi"|"Bologna"|0|3|0|0|0|0|0|0|0|0|0|0|0|0|0|0|0|0|0|0|0|0|0|8
833|15|"DELVECCHIO Marco"|"Roma"|1|3|0|0|0|0|0|0|0|0|0|0|0|0|0|0|0|0|0|0|0|0|1|9
834|15|"DI MICHELE David"|"Udinese"|1|3|1|7.5|0|1|7.5|0|0|0|0|0|0|0|0|0|0|0|0|1|1|0|1|20
835|15|"DI NAPOLI Arturo"|"Messina"|1|3|1|7|0|1|7|0|0|0|0|0|0|0|0|0|0|0|0|1|0|0|1|25
836|15|"DIONIGI Davide"|"Reggina"|1|3|0|0|0|0|0|0|0|0|0|0|0|0|0|0|0|0|0|0|0|0|0|17
837|15|"ESPOSITO Mauro"|"Cagliari"|1|3|1|11|0|1|8|1|0|0|0|0|0|0|0|0|0|0|0|1|1|0|1|26
838|15|"FANTINI Enrico"|"Fiorentina"|1|3|1|5.5|0|1|5.5|0|0|0|0|0|0|0|0|0|0|0|0|1|0|0|1|11
839|15|"FARIAS Ernesto"|"Palermo"|1|3|1|5|0|1|5|0|0|0|0|0|0|0|0|0|0|0|0|1|0|0|1|14
840|15|"FAVA Dino"|"Udinese"|1|3|0|0|0|0|0|0|0|0|0|0|0|0|0|0|0|0|0|1|0|0|1|23
841|15|"FLACHI Francesco"|"Sampdoria"|1|3|1|10|0|1|7|1|0|1|0|0|0|0|0|0|0|0|0|1|1|0|0|22
842|15|"FLO Tore Andre"|"Siena"|1|3|1|9.5|0|1|7|1|0|0|0|0|1|0|0|0|0|0|0|1|1|0|0|15
843|15|"GANCI Massimo"|"Reggina"|1|3|0|0|0|0|0|0|0|0|0|0|0|0|0|0|0|0|0|0|0|0|0|8
844|15|"GILARDINO Alberto"|"Parma"|1|3|1|5|0|1|5|0|0|0|0|0|0|0|0|0|0|0|0|1|1|0|1|48
845|15|"GRAFFIEDI Mattia"|"Siena"|1|3|0|0|0|0|0|0|0|0|0|0|0|0|0|0|0|0|0|0|0|0|0|4
846|15|"GRIECO Gaetano"|"Parma"|1|3|0|0|0|0|0|0|0|0|0|0|0|0|0|0|0|0|0|0|0|0|1|2
847|15|"IAQUINTA Vincenzo"|"Udinese"|1|3|1|9.5|0|1|6.5|1|0|1|0|0|0|0|0|0|0|0|0|1|1|0|1|23
848|15|"ILIEV Ivica"|"Messina"|1|3|1|6.5|0|1|6.5|0|0|0|0|0|0|0|0|0|0|0|0|1|1|0|1|16
849|15|"INACIO Pia' Joao Baptista"|"Atalanta"|1|3|0|0|0|0|0|0|0|0|0|0|0|0|0|0|0|0|0|0|0|0|0|13
850|15|"INZAGHI Filippo"|"Milan"|1|3|0|0|0|0|0|0|0|0|0|0|0|0|0|0|0|0|0|0|0|0|0|11
851|15|"INZAGHI Simone"|"Lazio"|1|3|1|4|0|1|4|0|0|0|0|0|0|0|0|0|0|0|0|1|0|0|0|17
852|15|"JOB Thomas Herve"|"Sampdoria"|0|3|0|0|0|0|0|0|0|0|0|0|0|0|0|0|0|0|0|0|0|0|0|2
853|15|"KONAN Alex Cedric"|"Lecce"|1|3|0|0|0|0|0|0|0|0|0|0|0|0|0|0|0|0|0|0|0|0|1|9
854|15|"KUTUZOV Vitali"|"Sampdoria"|1|3|0|0|0|0|0|0|0|0|0|0|0|0|0|0|0|0|0|0|0|0|0|6
855|15|"LANGELLA Antonio"|"Cagliari"|1|3|1|9|0|1|6.5|1|0|0|0|0|1|0|0|0|0|0|0|1|1|0|1|20
856|15|"LOCATELLI Tomas"|"Bologna"|1|3|1|5.5|0|1|5.5|0|0|0|0|0|0|0|0|0|0|0|0|1|0|0|0|13
857|15|"LUCARELLI Cristiano"|"Livorno"|1|3|1|14|0|1|8|2|0|1|0|0|0|0|0|0|0|0|0|1|1|0|0|30
858|15|"MANFREDINI Cristian"|"Lazio"|1|3|1|6.5|0|1|6.5|0|0|0|0|0|0|0|0|0|0|0|0|1|0|0|0|6
859|15|"MARCHESETTI Mattia"|"Chievo"|1|3|0|0|0|0|0|0|0|0|0|0|0|0|0|0|0|0|0|0|0|0|0|2
860|15|"MARTINS Obafemi"|"Inter"|1|3|1|5|0|1|5|0|0|0|0|0|0|0|0|0|0|0|0|1|0|0|1|24
861|15|"MEGHNI Mourad"|"Bologna"|1|3|1|7|0|1|7|0|0|0|0|0|0|0|0|0|0|0|0|1|1|0|0|9
862|15|"MICCOLI Fabrizio"|"Fiorentina"|1|3|1|5|0|1|5|0|0|0|0|0|0|0|0|0|0|0|0|1|1|0|1|22
863|15|"MONTELLA Vincenzo"|"Roma"|1|3|1|5.5|0|1|5.5|0|0|0|0|0|0|0|0|0|0|0|0|1|1|0|1|31
865|15|"MUZZI Roberto"|"Lazio"|1|3|0|0|0|0|0|0|0|0|0|0|0|0|0|0|0|0|0|0|0|0|0|15
866|15|"PAZZINI Giampaolo"|"Atalanta"|1|3|0|0|0|0|0|0|0|0|0|0|0|0|0|0|0|0|0|0|0|0|0|18
867|15|"PELLE' Graziano"|"Lecce"|1|3|0|0|0|0|0|0|0|0|0|0|0|0|0|0|0|0|0|0|0|0|1|2
868|15|"PELLISSIER Sergio"|"Chievo"|1|3|0|0|0|0|0|0|0|0|0|0|0|0|0|0|0|0|0|0|0|0|0|12
869|15|"PORTILLO Javier Garcia"|"Fiorentina"|1|3|0|0|0|0|0|0|0|0|0|0|0|0|0|0|0|0|0|0|0|0|1|17
870|15|"POZZI Nicola"|"Milan"|0|3|0|0|0|0|0|0|0|0|0|0|0|0|0|0|0|0|0|0|0|0|0|5
871|15|"PROTTI Igor"|"Livorno"|1|3|0|0|0|0|0|0|0|0|0|0|0|0|0|0|0|0|0|0|0|0|0|17
872|15|"RASIAK Grzegorz"|"Siena"|0|3|0|0|0|0|0|0|0|0|0|0|0|0|0|0|0|0|0|0|0|0|0|2
873|15|"RECOBA Alvaro"|"Inter"|1|3|0|0|0|0|0|0|0|0|0|0|0|0|0|0|0|0|0|0|0|0|1|19
874|15|"RIGANO' Cristian"|"Fiorentina"|1|3|1|5.5|0|1|5.5|0|0|0|0|0|0|0|0|0|0|0|0|1|1|0|1|11
875|15|"ROSSINI Fausto"|"Sampdoria"|1|3|0|0|0|0|0|0|0|0|0|0|0|0|0|0|0|0|0|1|0|0|0|9
876|15|"SAUDATI Luca"|"Atalanta"|1|3|0|0|0|0|0|0|0|0|0|0|0|0|0|0|0|0|0|0|0|0|0|10
877|15|"SCULLI Giuseppe"|"Brescia"|1|3|1|5|0|1|5|0|0|0|0|0|0|0|0|0|0|0|0|1|1|0|0|14
878|15|"SERAFINI Matteo"|"Siena"|1|3|0|0|0|0|0|0|0|0|0|0|0|0|0|0|0|0|0|0|0|0|0|4
879|15|"SHEVCHENKO Andrij"|"Milan"|1|3|1|13.5|0|1|7.5|2|0|0|0|0|0|0|0|0|0|0|0|1|1|0|0|55
880|15|"SONCIN Andrea"|"Fiorentina"|0|3|0|0|0|0|0|0|0|0|0|0|0|0|0|0|0|0|0|0|0|0|1|2
881|15|"SUAZO David Velazquez"|"Cagliari"|1|3|1|6|0|1|6|0|0|0|0|0|0|0|0|0|0|0|0|1|0|0|1|20
882|15|"TARE Igli"|"Bologna"|1|3|0|0|0|0|0|0|0|0|0|0|0|0|0|0|0|0|0|0|0|0|0|13
883|15|"TIRIBOCCHI Simone"|"Chievo"|1|3|0|0|0|0|0|0|0|0|0|0|0|0|0|0|0|0|0|0|0|0|0|16
884|15|"TOMASSON Jon Dahl"|"Milan"|1|3|0|0|0|0|0|0|0|0|0|0|0|0|0|0|0|0|0|0|0|0|0|17
885|15|"TONI Luca"|"Palermo"|1|3|1|9|0|1|6|1|0|0|0|0|0|0|0|0|0|0|0|1|1|0|1|28
886|15|"TOTTI Francesco"|"Roma"|1|3|0|0|0|0|0|0|0|0|0|0|0|0|0|0|0|0|0|0|0|0|1|40
887|15|"TREZEGUET David"|"Juventus"|1|3|0|0|0|0|0|0|0|0|0|0|0|0|0|0|0|0|0|0|0|0|1|19
888|15|"VENTOLA Nicola"|"Inter"|0|3|0|0|0|0|0|0|0|0|0|0|0|0|0|0|0|0|0|0|0|0|1|2
889|15|"VIERI Christian"|"Inter"|1|3|1|9.5|0|1|6.5|1|0|0|1|0|0|0|0|0|0|0|0|1|1|0|1|35
890|15|"VRYZAS Zisis"|"Fiorentina"|0|3|0|0|0|0|0|0|0|0|0|0|0|0|0|0|0|0|0|0|0|0|1|10
891|15|"VUCINIC Mirko"|"Lecce"|1|3|0|0|0|0|0|0|0|0|0|0|0|0|0|0|0|0|0|1|0|0|1|21
892|15|"VUGRINEC Davor"|"Atalanta"|0|3|0|0|0|0|0|0|0|0|0|0|0|0|0|0|0|0|0|0|0|0|0|4
893|15|"YANAGISAWA Atsushi"|"Messina"|1|3|1|5|0|1|5.5|0|0|0|0|0|1|0|0|0|0|0|0|1|1|0|1|9
894|15|"ZALAYETA Marcelo"|"Juventus"|1|3|1|5.5|0|1|5.5|0|0|0|0|0|0|0|0|0|0|0|0|1|0|0|1|13
895|15|"ZAMBRELLA Federico"|"Brescia"|1|3|0|0|0|0|0|0|0|0|0|0|0|0|0|0|0|0|0|0|0|0|0|4
896|15|"ZAMPAGNA Riccardo"|"Messina"|1|3|0|0|0|0|0|0|0|0|0|0|0|0|0|0|0|0|0|0|0|0|1|16
897|15|"ZANIOLO Igor"|"Messina"|0|3|0|0|0|0|0|0|0|0|0|0|0|0|0|0|0|0|0|0|0|0|1|8
898|15|"ZICU Ianis"|"Parma"|1|3|0|0|0|0|0|0|0|0|0|0|0|0|0|0|0|0|0|0|0|0|1|4
899|15|"ZOLA Gianfranco"|"Cagliari"|1|3|1|6|0|1|6|0|0|0|0|0|0|0|0|0|0|0|0|1|1|0|1|35
900|15|"DI CANIO Paolo"|"Lazio"|1|3|1|13.5|0|1|7.5|2|0|0|1|0|0|0|1|0|0|0|0|1|1|0|0|20
901|15|"CHOUTOS Lampros"|"Inter"|1|3|0|0|0|0|0|0|0|0|0|0|0|0|0|0|0|0|0|0|0|0|1|1
902|15|"JADID Abderrazzak"|"Brescia"|1|3|0|0|0|0|0|0|0|0|0|0|0|0|0|0|0|0|0|0|0|0|0|2
903|15|"BJELANOVIC Sasa"|"Lecce"|1|3|1|5|0|1|5.5|0|0|0|0|0|1|0|0|0|0|0|0|1|0|0|1|13
904|15|"SORRENTINO Tonino"|"Parma"|1|3|0|0|0|0|0|0|0|0|0|0|0|0|0|0|0|0|0|0|0|0|1|4
905|15|"NOMVETHE Siyabonga"|"Udinese"|0|3|0|0|0|0|0|0|0|0|0|0|0|0|0|0|0|0|0|0|0|0|1|5
906|15|"GOITOM Henok"|"Udinese"|1|3|0|0|0|0|0|0|0|0|0|0|0|0|0|0|0|0|0|0|0|0|1|2
907|15|"CARPARELLI Marco"|"Siena"|1|3|0|0|0|0|0|0|0|0|0|0|0|0|0|0|0|0|0|0|0|0|0|5
908|15|"DI PASQUALE Danilo"|"Brescia"|1|3|0|0|0|0|0|0|0|0|0|0|0|0|0|0|0|0|0|0|0|0|0|4
909|15|"LAZZARI Andrea"|"Atalanta"|1|3|1|6|0|1|6|0|0|0|0|0|0|0|0|0|0|0|0|1|0|0|0|6
910|15|"MACCARONE Massimo"|"Parma"|1|3|1|4.5|0|1|4.5|0|0|0|0|0|0|0|0|0|0|0|0|1|1|0|1|13
911|15|"SINIGAGLIA Davide"|"Reggina"|0|3|0|0|0|0|0|0|0|0|0|0|0|0|0|0|0|0|0|0|0|0|0|1
912|15|"DI NATALE Antonio"|"Udinese"|1|3|1|5|0|1|5|0|0|0|0|0|0|0|0|0|0|0|0|1|1|0|1|20
913|15|"IBRAHIMOVIC Zlatan"|"Juventus"|1|3|1|5.5|0|1|6|0|0|0|0|0|1|0|0|0|0|0|0|1|1|0|1|38
914|15|"MIDO Hossam"|"Roma"|1|3|0|0|0|0|0|0|0|0|0|0|0|0|0|0|0|0|0|1|0|0|1|22
915|15|"ROCCHI Tommaso"|"Lazio"|1|3|1|9.5|0|1|6.5|1|0|0|0|0|0|0|0|0|0|0|0|1|1|0|0|21
916|15|"AMORUSO Nicola"|"Messina"|1|3|1|5|0|1|5|0|0|0|0|0|0|0|0|0|0|0|0|1|1|0|1|17
917|15|"DE SOUSA"|"Lazio"|1|3|0|0|0|0|0|0|0|0|0|0|0|0|0|0|0|0|0|0|0|0|0|4
918|15|"NYGAARD"|"Brescia"|1|3|0|0|0|0|0|0|0|0|0|0|0|0|0|0|0|0|0|0|0|0|0|2
919|15|"RUOPOLO"|"Parma"|1|3|0|0|0|0|0|0|0|0|0|0|0|0|0|0|0|0|0|0|0|0|1|3
920|15|"SUCCI Davide"|"Chievo"|1|3|0|0|0|0|0|0|0|0|0|0|0|0|0|0|0|0|0|0|0|0|0|2
921|15|"FRAGIELLO Gennaro"|"Bologna"|1|3|0|0|0|0|0|0|0|0|0|0|0|0|0|0|0|0|0|0|0|0|0|2
922|15|"MEGGIORINI Riccardo"|"Inter"|1|3|0|0|0|0|0|0|0|0|0|0|0|0|0|0|0|0|0|0|0|0|1|1
923|15|"BERNARDO Vittorio"|"Messina"|1|3|0|0|0|0|0|0|0|0|0|0|0|0|0|0|0|0|0|0|0|0|1|1
924|15|"PISANU Andrea"|"Parma"|1|3|1|4|0|1|4|0|0|0|0|0|0|0|0|0|0|0|0|1|1|0|1|1
