101|11|"ABBIATI Christian"|"Milan"|1|0|0|0|0|0|0|0|0|0|0|0|0|0|0|0|0|0|0|0|0|0|1|4
102|11|"AGLIARDI Federico"|"Brescia"|1|0|0|0|0|0|0|0|0|0|0|0|0|0|0|0|0|0|0|0|0|0|0|3
103|11|"AMELIA Marco"|"Livorno"|1|0|1|7|0|1|7|0|0|0|0|0|0|0|0|0|0|0|0|1|1|0|0|13
104|11|"ANANIA Luca"|"Lecce"|1|0|0|0|0|0|0|0|0|0|0|0|0|0|0|0|0|0|0|0|0|0|1|5
105|11|"ANTONIOLI Francesco"|"Sampdoria"|1|0|1|6.5|0|1|6.5|0|0|0|0|0|0|0|0|0|0|0|0|1|1|0|0|20
106|11|"BELARDI Emanuele"|"Reggina"|0|0|0|0|0|0|0|0|0|0|0|0|0|0|0|0|0|0|0|0|0|0|1|3
107|11|"BERTI Gianluca"|"Parma"|1|0|0|0|0|0|0|0|0|0|0|0|0|0|0|0|0|0|0|0|0|0|0|4
108|11|"BIANCHI Emanuele"|"Sampdoria"|0|0|0|0|0|0|0|0|0|0|0|0|0|0|0|0|0|0|0|0|0|0|0|1
109|11|"BONAIUTI Adriano"|"Udinese"|1|0|0|0|0|0|0|0|0|0|0|0|0|0|0|0|0|0|0|0|0|0|1|1
110|11|"BONNEFOI Landry"|"Juventus"|1|0|0|0|0|0|0|0|0|0|0|0|0|0|0|0|0|0|0|0|0|0|0|1
111|11|"BUFFON Gianluigi"|"Juventus"|1|0|1|6|0|1|6|0|0|0|0|0|0|0|0|0|0|0|0|1|1|0|0|25
112|11|"CALDERONI Alex"|"Atalanta"|1|0|0|0|0|0|0|0|0|0|0|0|0|0|0|0|0|0|0|0|0|0|1|1
113|11|"CAPELLO Davide Ugo"|"Cagliari"|1|0|0|0|0|0|0|0|0|0|0|0|0|0|0|0|0|0|0|0|0|0|1|1
114|11|"CASAZZA Fabrizio"|"Lazio"|1|0|0|0|0|0|0|0|0|0|0|0|0|0|0|0|0|0|0|0|0|0|1|1
115|11|"CASTELLAZZI Luca"|"Brescia"|1|0|1|7|0|1|7|0|0|0|0|0|0|0|0|0|0|0|0|1|1|0|0|8
116|11|"CEJAS Christian S."|"Fiorentina"|1|0|0|0|0|0|0|0|0|0|0|0|0|0|0|0|0|0|0|0|0|0|1|4
117|11|"CHIMENTI Antonio"|"Juventus"|1|0|0|0|0|0|0|0|0|0|0|0|0|0|0|0|0|0|0|0|0|0|0|1
118|11|"COPPOLA Ferdinando"|"Reggina"|0|0|0|0|0|0|0|0|0|0|0|0|0|0|0|0|0|0|0|0|0|0|1|1
119|11|"CORDAZ Alex"|"Inter"|1|0|0|0|0|0|0|0|0|0|0|0|0|0|0|0|0|0|0|0|0|0|0|1
120|11|"DE SANCTIS Morgan"|"Udinese"|1|0|1|6|0|1|6|0|0|0|0|0|0|0|0|0|0|0|0|1|1|0|1|21
121|11|"DIDA Nelson de Jesus Silva"|"Milan"|1|0|1|6.5|0|1|6.5|0|0|0|0|0|0|0|0|0|0|0|0|1|1|0|1|24
122|11|"ELEFTHEROPOULOS Dimitris"|"Messina"|1|0|1|6|0|1|6|0|0|0|0|0|0|0|0|0|0|0|0|1|1|0|0|5
123|11|"FIORI Valerio"|"Milan"|1|0|0|0|0|0|0|0|0|0|0|0|0|0|0|0|0|0|0|0|0|0|1|1
124|11|"FONTANA Alberto"|"Inter"|1|0|0|0|0|0|0|0|0|0|0|0|0|0|0|0|0|0|0|0|0|0|0|6
125|11|"FORTIN Marco"|"Siena"|1|0|1|5|0|1|6|0|1|0|0|0|0|0|0|0|0|0|0|1|1|0|0|11
126|11|"FREY Sebastien"|"Parma"|1|0|1|6|0|1|6|0|0|0|0|0|0|0|0|0|0|0|0|1|1|0|0|16
127|11|"GRECO Alessandro"|"Messina"|0|0|0|0|0|0|0|0|0|0|0|0|0|0|0|0|0|0|0|0|0|0|0|1
128|11|"IEZZO  Gennaro"|"Cagliari"|1|0|0|0|0|0|0|0|0|0|0|0|0|0|0|0|0|0|0|0|0|0|1|1
129|11|"KATERGIANNAKIS Theofanis"|"Cagliari"|1|0|1|6.5|0|1|6.5|0|0|0|0|0|0|0|0|0|0|0|0|1|1|0|1|14
130|11|"LIPPI Guido"|"Chievo"|0|0|0|0|0|0|0|0|0|0|0|0|0|0|0|0|0|0|0|0|0|0|0|1
131|11|"LUPATELLI Cristiano"|"Fiorentina"|1|0|1|5|0|1|6|0|1|0|0|0|0|0|0|0|0|0|0|1|1|0|1|13
132|11|"MANNINGER Alexander"|"Siena"|1|0|0|0|0|0|0|0|0|0|0|0|0|0|0|0|0|0|0|0|0|0|0|4
133|11|"MARCHEGIANI Luca"|"Chievo"|1|0|1|6|0|1|6|0|0|0|0|0|0|0|0|0|0|0|0|1|1|0|0|18
134|11|"MARCON Sergio"|"Chievo"|1|0|0|0|0|0|0|0|0|0|0|0|0|0|0|0|0|0|0|0|0|0|0|1
135|11|"MAREGGINI Gian Matteo"|"Livorno"|1|0|0|0|0|0|0|0|0|0|0|0|0|0|0|0|0|0|0|0|0|0|0|1
136|11|"PAGLIUCA Gianluca"|"Bologna"|1|0|1|5|0|1|7|0|2|0|0|0|0|0|0|0|0|0|0|1|1|0|1|18
137|11|"PANSERA Andrea"|"Bologna"|1|0|0|0|0|0|0|0|0|0|0|0|0|0|0|0|0|0|0|0|0|0|1|1
138|11|"PAVARINI Nicola"|"Reggina"|1|0|1|5|0|1|6|0|1|0|0|0|0|0|0|0|0|0|0|1|0|0|1|12
139|11|"PELIZZOLI Ivan"|"Roma"|1|0|1|1.5|0|1|4.5|0|3|0|0|0|0|0|0|1|0|0|0|1|1|0|0|15
140|11|"PERUZZI Angelo"|"Lazio"|1|0|0|0|0|0|0|0|0|0|0|0|0|0|0|0|0|0|0|0|0|0|1|12
141|11|"ROCCATI Marco"|"Fiorentina"|1|0|0|0|0|0|0|0|0|0|0|0|0|0|0|0|0|0|0|0|0|0|1|1
142|11|"ROSATI Antonio"|"Lecce"|1|0|0|0|0|0|0|0|0|0|0|0|0|0|0|0|0|0|0|0|0|0|1|1
143|11|"SANTONI Nicola"|"Palermo"|1|0|0|0|0|0|0|0|0|0|0|0|0|0|0|0|0|0|0|0|0|0|1|3
144|11|"SERENI Matteo"|"Lazio"|1|0|1|6|0|1|7|0|1|0|0|0|0|0|0|0|0|0|0|1|1|0|1|11
145|11|"SICIGNANO Vincenzo"|"Lecce"|1|0|1|5.5|0|1|6.5|0|1|0|0|0|0|0|0|0|0|0|0|1|1|0|1|11
146|11|"STORARI Marco"|"Messina"|1|0|0|0|0|0|0|0|0|0|0|0|0|0|0|0|0|0|0|0|0|0|0|4
147|11|"TAIBI Massimo"|"Atalanta"|1|0|1|5|0|1|6|0|1|0|0|0|0|0|0|0|0|0|0|1|1|0|1|12
148|11|"TOLDO Francesco"|"Inter"|1|0|1|4|0|1|6|0|2|0|0|0|0|0|0|0|0|0|0|1|1|0|0|14
149|11|"TURCI Luigi"|"Sampdoria"|1|0|0|0|0|0|0|0|0|0|0|0|0|0|0|0|0|0|0|0|0|0|0|1
150|11|"VANIN Giordano"|"Parma"|1|0|0|0|0|0|0|0|0|0|0|0|0|0|0|0|0|0|0|0|0|0|0|1
151|11|"ZANCOPE' Adriano"|"Siena"|1|0|0|0|0|0|0|0|0|0|0|0|0|0|0|0|0|0|0|0|0|0|0|1
152|11|"ZOTTI Carlo"|"Roma"|1|0|0|0|0|0|0|0|0|0|0|0|0|0|0|0|0|0|0|0|0|0|0|1
153|11|"LEJSAL Martin"|"Reggina"|0|0|0|0|0|0|0|0|0|0|0|0|0|0|0|0|0|0|0|0|0|0|1|1
154|11|"SOVIERO Salvatore"|"Reggina"|1|0|0|0|0|0|0|0|0|0|0|0|0|0|0|0|0|0|0|1|1|0|1|4
155|11|"GUARDALBEN Matteo"|"Palermo"|1|0|1|6|0|1|6|0|0|0|0|0|0|0|0|0|0|0|0|1|1|0|1|16
156|11|"HANDANOVIC Samir"|"Udinese"|1|0|0|0|0|0|0|0|0|0|0|0|0|0|0|0|0|0|0|0|0|0|1|1
157|11|"CARINI Fabian"|"Inter"|1|0|0|0|0|0|0|0|0|0|0|0|0|0|0|0|0|0|0|0|0|0|0|1
158|11|"COMI Paolo"|"Palermo"|1|0|0|0|0|0|0|0|0|0|0|0|0|0|0|0|0|0|0|0|0|0|1|1
159|11|"CURCI Gianluca"|"Roma"|1|0|0|0|0|0|0|0|0|0|0|0|0|0|0|0|0|0|0|0|0|0|0|1
160|11|"PADELLI"|"Sampdoria"|1|0|0|0|0|0|0|0|0|0|0|0|0|0|0|0|0|0|0|0|0|0|0|1
161|11|"CODOGNOLA Paolo"|"Chievo"|1|0|0|0|0|0|0|0|0|0|0|0|0|0|0|0|0|0|0|0|0|0|0|1
162|11|"MAZZONI Luca"|"Livorno"|1|0|0|0|0|0|0|0|0|0|0|0|0|0|0|0|0|0|0|0|0|0|0|1
163|11|"CAGLIONI Nicholas"|"Atalanta"|1|0|0|0|0|0|0|0|0|0|0|0|0|0|0|0|0|0|0|0|0|0|1|1
164|11|"MARZI Alberto"|"Bologna"|0|0|0|0|0|0|0|0|0|0|0|0|0|0|0|0|0|0|0|0|0|0|1|1
165|11|"GIRELLI Livio"|"Brescia"|1|0|0|0|0|0|0|0|0|0|0|0|0|0|0|0|0|0|0|0|0|0|0|1
166|11|"MARINO Pietro"|"Reggina"|1|0|0|0|0|0|0|0|0|0|0|0|0|0|0|0|0|0|0|0|0|0|1|1
167|11|"FERRON Fabrizio"|"Bologna"|1|0|0|0|0|0|0|0|0|0|0|0|0|0|0|0|0|0|0|0|0|0|1|1
201|11|"ABRUZZESE Giuseppe"|"Lecce"|1|1|0|0|0|0|0|0|0|0|0|0|0|0|0|0|0|0|0|0|0|0|1|3
202|11|"ACCARDI Piero"|"Palermo"|1|1|0|0|0|0|0|0|0|0|0|0|0|0|0|0|0|0|0|0|0|0|1|1
203|11|"ACCURSI Salvatore"|"Messina"|0|1|0|0|0|0|0|0|0|0|0|0|0|0|0|0|0|0|0|0|0|0|0|1
204|11|"ADANI Daniele"|"Brescia"|1|1|0|0|0|0|0|0|0|0|0|0|0|0|0|0|0|0|0|0|0|0|0|4
205|11|"AGOSTINI Alessandro"|"Cagliari"|1|1|1|6|0|1|6|0|0|0|0|0|0|0|0|0|0|0|0|1|1|0|1|6
206|11|"ALVAREZ Edgar Anthony"|"Cagliari"|1|1|0|0|0|0|0|0|0|0|0|0|0|0|0|0|0|0|0|0|0|0|1|2
207|11|"AQUILANTI Antonio"|"Fiorentina"|1|1|0|0|0|0|0|0|0|0|0|0|0|0|0|0|0|0|0|0|0|0|1|1
208|11|"ARONICA Salvatore"|"Messina"|1|1|1|6|0|1|6|0|0|0|0|0|0|0|0|0|0|0|0|1|1|0|0|1
210|11|"BAGGIO Dino"|"Lazio"|1|1|0|0|0|0|0|0|0|0|0|0|0|0|0|0|0|0|0|0|0|0|1|2
211|11|"BALESTRI Jacopo"|"Reggina"|1|1|1|6.5|0|1|6.5|0|0|0|0|0|0|0|0|0|0|0|0|1|1|0|1|5
212|11|"BALLERI David"|"Livorno"|1|1|1|6|0|1|6|0|0|0|0|0|0|0|0|0|0|0|0|1|0|0|0|5
213|11|"BARZAGLI Andrea"|"Palermo"|1|1|1|6|0|1|6|0|0|0|0|0|0|0|0|0|0|0|0|1|1|0|1|12
214|11|"BELLINI Giampaolo"|"Atalanta"|1|1|1|6|0|1|6.5|0|0|0|0|0|1|0|0|0|0|0|0|1|1|0|1|6
215|11|"BERTOTTO Valerio"|"Udinese"|1|1|1|6|0|1|6|0|0|0|0|0|0|0|0|0|0|0|0|1|1|0|1|6
216|11|"BIAVA Giuseppe"|"Palermo"|1|1|1|6.5|0|1|6.5|0|0|0|0|0|0|0|0|0|0|0|0|1|1|0|1|7
217|11|"BIRINDELLI Alessandro"|"Juventus"|1|1|0|0|0|0|0|0|0|0|0|0|0|0|0|0|0|0|0|0|0|0|0|4
218|11|"BONERA Daniele"|"Parma"|1|1|1|6|0|1|6|0|0|0|0|0|0|0|0|0|0|0|0|1|1|0|0|9
219|11|"BONOMI Simone"|"Siena"|0|1|0|0|0|0|0|0|0|0|0|0|0|0|0|0|0|0|0|0|0|0|0|2
220|11|"BOVO Cesare"|"Parma"|1|1|1|6|0|1|6|0|0|0|0|0|0|0|0|0|0|0|0|1|1|0|0|4
221|11|"BURDISSO Nicolas Andres"|"Inter"|1|1|1|5|0|1|5|0|0|0|0|0|0|0|0|0|0|0|0|1|1|0|0|4
222|11|"CAFU Marcos"|"Milan"|1|1|1|6|0|1|6|0|0|0|0|0|0|0|0|0|0|0|0|1|1|0|1|11
223|11|"CANDELA Vincent"|"Roma"|1|1|0|0|0|0|0|0|0|0|0|0|0|0|0|0|0|0|0|0|0|0|0|3
224|11|"CANNARSA Juri"|"Reggina"|1|1|1|6|0|1|6|0|0|0|0|0|0|0|0|0|0|0|0|1|1|0|1|5
225|11|"CANNAVARO Fabio"|"Juventus"|1|1|1|6|0|1|6|0|0|0|0|0|0|0|0|0|0|0|0|1|1|0|0|13
226|11|"CANNAVARO Paolo"|"Parma"|1|1|0|0|0|0|0|0|0|0|0|0|0|0|0|0|0|0|0|0|0|0|0|8
227|11|"CAPUANO Ciro"|"Bologna"|1|1|1|8|0|1|7|0|0|0|0|1|0|0|0|0|0|0|0|1|1|0|1|3
228|11|"CARDONE Giuseppe"|"Parma"|1|1|0|0|0|0|0|0|0|0|0|0|0|0|0|0|0|0|0|0|0|0|0|3
229|11|"CARROZZIERI Morris"|"Sampdoria"|1|1|0|0|0|0|0|0|0|0|0|0|0|0|0|0|0|0|0|0|0|0|0|4
230|11|"CASTELLINI Marcello"|"Sampdoria"|1|1|1|6|0|1|6|0|0|0|0|0|0|0|0|0|0|0|0|1|0|0|0|6
231|11|"CESAR Vinicio Cervo de Luca"|"Chievo"|1|1|0|0|0|0|0|0|0|0|0|0|0|0|0|0|0|0|0|0|0|0|0|1
232|11|"CHIELLINI Giorgio"|"Fiorentina"|1|1|1|6|0|1|6|0|0|0|0|0|0|0|0|0|0|0|0|1|1|0|1|8
233|11|"CHIVU Cristian"|"Roma"|1|1|0|0|0|0|0|0|0|0|0|0|0|0|0|0|0|0|0|0|0|0|0|6
234|11|"CIRILLO Bruno"|"Siena"|1|1|0|0|0|0|0|0|0|0|0|0|0|0|0|0|0|0|0|0|0|0|0|3
235|11|"COCO Francesco"|"Inter"|1|1|0|0|0|0|0|0|0|0|0|0|0|0|0|0|0|0|0|0|0|0|0|3
236|11|"COLONNESE Francesco"|"Siena"|1|1|1|6|0|1|6|0|0|0|0|0|0|0|0|0|0|0|0|1|1|0|0|4
237|11|"CONTE Mirko"|"Messina"|1|1|0|0|0|0|0|0|0|0|0|0|0|0|0|0|0|0|0|0|0|0|0|6
238|11|"CONTEH Kewullay"|"Palermo"|1|1|1|5.5|0|1|5.5|0|0|0|0|0|0|0|0|0|0|0|0|1|1|0|1|2
239|11|"CONTINI Matteo"|"Parma"|1|1|1|6|0|1|6|0|0|0|0|0|0|0|0|0|0|0|0|1|1|0|0|1
240|11|"CORDOBA Ivan Ramiro"|"Inter"|1|1|0|0|0|0|0|0|0|0|0|0|0|0|0|0|0|0|0|0|0|0|0|9
241|11|"COSTACURTA Alessandro"|"Milan"|1|1|0|0|0|0|0|0|0|0|0|0|0|0|0|0|0|0|0|0|0|0|1|5
242|11|"CUFRE' Leandro"|"Roma"|1|1|1|5|0|1|5|0|0|0|0|0|0|0|0|0|0|0|0|1|1|0|0|5
243|11|"DAINELLI Dario"|"Fiorentina"|1|1|1|5|0|1|5|0|0|0|0|0|0|0|0|0|0|0|0|1|1|0|1|11
244|11|"DAINO Daniele"|"Bologna"|1|1|0|0|0|0|0|0|0|0|0|0|0|0|0|0|0|0|0|0|0|0|1|5
245|11|"D'ANNA Lorenzo"|"Chievo"|1|1|1|6|0|1|6|0|0|0|0|0|0|0|0|0|0|0|0|1|1|0|0|7
246|11|"DE ROSA Gaetano"|"Reggina"|1|1|1|6|0|1|6|0|0|0|0|0|0|0|0|0|0|0|0|1|1|0|1|3
247|11|"DE VACA José"|"Udinese"|1|1|0|0|0|0|0|0|0|0|0|0|0|0|0|0|0|0|0|0|0|0|1|1
248|11|"DELLAS Traianos"|"Roma"|1|1|0|0|0|0|0|0|0|0|0|0|0|0|0|0|0|0|0|0|0|0|0|6
249|11|"DELLI CARRI Daniele"|"Fiorentina"|1|1|1|5.5|0|1|6|0|0|0|0|0|1|0|0|0|0|0|0|1|1|0|1|4
250|11|"DI BIAGIO Luigi"|"Brescia"|1|1|1|5|0|1|6|0|0|0|0|0|0|1|0|0|0|0|0|1|1|0|0|14
251|11|"DIAMOUTENE Seuleyman"|"Lecce"|1|1|0|0|0|0|0|0|0|0|0|0|0|0|0|0|0|0|0|0|0|0|1|3
252|11|"DOMIZZI Maurizio"|"Brescia"|1|1|1|5.5|0|1|6|0|0|0|0|0|1|0|0|0|0|0|0|1|1|0|0|7
253|11|"ESTEVES Ricardo"|"Reggina"|1|1|0|0|0|0|0|0|0|0|0|0|0|0|0|0|0|0|0|0|0|0|1|1
254|11|"FALCONE Giulio"|"Sampdoria"|1|1|1|6.5|0|1|6.5|0|0|0|0|0|0|0|0|0|0|0|0|1|1|0|0|10
255|11|"FALSINI Gianluca"|"Siena"|1|1|0|0|0|0|0|0|0|0|0|0|0|0|0|0|0|0|0|0|0|0|0|6
256|11|"FANUCCI Stefano"|"Livorno"|0|1|0|0|0|0|0|0|0|0|0|0|0|0|0|0|0|0|0|0|0|0|0|1
257|11|"FAVALLI Giuseppe"|"Inter"|1|1|0|0|0|0|0|0|0|0|0|0|0|0|0|0|0|0|0|0|0|0|0|12
258|11|"FELIPE"|"Udinese"|1|1|0|0|0|0|0|0|0|0|0|0|0|0|0|0|0|0|0|0|0|0|1|3
259|11|"FERRARA Ciro"|"Juventus"|1|1|0|0|0|0|0|0|0|0|0|0|0|0|0|0|0|0|0|0|0|0|0|4
260|11|"FERRARI Matteo"|"Roma"|1|1|1|4|0|1|4|0|0|0|0|0|0|0|0|0|0|0|0|1|1|0|0|9
261|11|"FERRI Michele"|"Palermo"|1|1|0|0|0|0|0|0|0|0|0|0|0|0|0|0|0|0|0|0|0|0|1|1
262|11|"FERRONETTI Damiano"|"Parma"|1|1|0|0|0|0|0|0|0|0|0|0|0|0|0|0|0|0|0|0|0|0|0|3
263|11|"FOGLIO Paolo"|"Siena"|1|1|0|0|0|0|0|0|0|0|0|0|0|0|0|0|0|0|0|0|0|0|0|1
264|11|"FRANCESCHINI Ivan"|"Reggina"|1|1|1|5.5|0|1|6|0|0|0|0|0|1|0|0|0|0|0|0|1|1|0|1|8
265|11|"FUSCO Luca"|"Messina"|1|1|0|0|0|0|0|0|0|0|0|0|0|0|0|0|0|0|0|0|0|0|0|4
266|11|"GAMARRA Carlos Alberto"|"Inter"|1|1|0|0|0|0|0|0|0|0|0|0|0|0|0|0|0|0|0|0|0|0|0|2
267|11|"GAMBERINI Alessandro"|"Bologna"|1|1|1|5.5|0|1|6|0|0|0|0|0|1|0|0|0|0|0|0|1|1|0|1|1
268|11|"GASTALDELLO Daniele"|"Chievo"|0|1|0|0|0|0|0|0|0|0|0|0|0|0|0|0|0|0|0|0|0|0|0|3
269|11|"GONNELLA Natale"|"Atalanta"|1|1|0|0|0|0|0|0|0|0|0|0|0|0|0|0|0|0|0|0|0|0|1|5
270|11|"GRANDONI Alessandro"|"Livorno"|1|1|0|0|0|0|0|0|0|0|0|0|0|0|0|0|0|0|0|0|0|0|0|5
271|11|"GROSSO Fabio"|"Palermo"|1|1|1|6|0|1|6|0|0|0|0|0|0|0|0|0|0|0|0|1|0|0|1|13
272|11|"INNOCENTI Duccio"|"Atalanta"|1|1|0|0|0|0|0|0|0|0|0|0|0|0|0|0|0|0|0|0|0|0|1|4
273|11|"IULIANO Mark"|"Juventus"|1|1|0|0|0|0|0|0|0|0|0|0|0|0|0|0|0|0|0|0|0|0|0|4
274|11|"JUAREZ De Souza"|"Bologna"|1|1|0|0|0|0|0|0|0|0|0|0|0|0|0|0|0|0|0|1|0|0|1|4
275|11|"KALADZE Kakha"|"Milan"|1|1|1|6|0|1|6|0|0|0|0|0|0|0|0|0|0|0|0|1|1|0|1|6
276|11|"KROLDRUP Per"|"Udinese"|1|1|1|6|0|1|6|0|0|0|0|0|0|0|0|0|0|0|0|1|1|0|1|11
277|11|"LANNA Salvatore"|"Chievo"|1|1|1|6|0|1|6|0|0|0|0|0|0|0|0|0|0|0|0|1|1|0|0|8
278|11|"LANZARO Maurizio"|"Roma"|0|1|0|0|0|0|0|0|0|0|0|0|0|0|0|0|0|0|0|0|0|0|0|2
279|11|"LEGROTTAGLIE Nicola"|"Juventus"|1|1|0|0|0|0|0|0|0|0|0|0|0|0|0|0|0|0|0|0|0|0|0|3
280|11|"LOPEZ Diego"|"Cagliari"|1|1|1|6|0|1|6|0|0|0|0|0|0|0|0|0|0|0|0|1|1|0|1|6
281|11|"LORENZI Stefano"|"Atalanta"|0|1|0|0|0|0|0|0|0|0|0|0|0|0|0|0|0|0|0|0|0|0|1|4
282|11|"LORIA Simone"|"Cagliari"|1|1|0|0|0|0|0|0|0|0|0|0|0|0|0|0|0|0|0|1|0|0|1|6
283|11|"LUCARELLI Alessandro"|"Livorno"|1|1|1|6.5|0|1|6.5|0|0|0|0|0|0|0|0|0|0|0|0|1|1|0|0|6
284|11|"MALAGO' Marco"|"Chievo"|1|1|0|0|0|0|0|0|0|0|0|0|0|0|0|0|0|0|0|1|0|0|0|1
285|11|"MALDINI Paolo"|"Milan"|1|1|1|6|0|1|6|0|0|0|0|0|0|0|0|0|0|0|0|1|1|0|1|17
286|11|"MALTAGLIATI Roberto"|"Cagliari"|1|1|1|6|0|1|6|0|0|0|0|0|0|0|0|0|0|0|0|1|1|0|1|5
287|11|"MANDELLI Davide"|"Chievo"|1|1|1|6|0|1|6.5|0|0|0|0|0|1|0|0|0|0|0|0|1|1|0|0|8
288|11|"MANFREDINI Thomas"|"Udinese"|0|1|0|0|0|0|0|0|0|0|0|0|0|0|0|0|0|0|0|0|0|0|1|3
289|11|"MARECO Victor Hugo"|"Brescia"|1|1|1|6|0|1|6|0|0|0|0|0|0|0|0|0|0|0|0|1|1|0|0|5
290|11|"MARTINEZ George"|"Reggina"|0|1|0|0|0|0|0|0|0|0|0|0|0|0|0|0|0|0|0|0|0|0|1|1
291|11|"MARTINEZ VIDAL Gilberto"|"Brescia"|1|1|1|6|0|1|6|0|0|0|0|0|0|0|0|0|0|0|0|1|1|0|0|8
292|11|"MATERAZZI Marco"|"Inter"|1|1|0|0|0|0|0|0|0|0|0|0|0|0|0|0|0|0|0|0|0|0|0|15
293|11|"MELARA Matteo"|"Livorno"|1|1|1|5|0|1|5.5|0|0|0|0|0|1|0|0|0|0|0|0|1|1|0|0|7
294|11|"MENSAH John"|"Chievo"|1|1|0|0|0|0|0|0|0|0|0|0|0|0|0|0|0|0|0|0|0|0|0|1
295|11|"MEXES Philippe"|"Roma"|1|1|1|5|0|1|5|0|0|0|0|0|0|0|0|0|0|0|0|1|1|0|0|15
296|11|"MICOLUCCI Vittorio"|"Udinese"|0|1|0|0|0|0|0|0|0|0|0|0|0|0|0|0|0|0|0|0|0|0|1|1
297|11|"MIGNANI Michele"|"Siena"|1|1|0|0|0|0|0|0|0|0|0|0|0|0|0|0|0|0|0|0|0|0|0|4
298|11|"MIHAJLOVIC Sinisa"|"Inter"|1|1|1|7.5|0|1|5|1|0|0|0|0|1|0|0|0|0|0|0|1|1|0|0|10
299|11|"MINELLI Mauro"|"Atalanta"|1|1|0|0|0|0|0|0|0|0|0|0|0|0|0|0|0|0|0|0|0|0|1|3
300|11|"MONTERO Paolo"|"Juventus"|1|1|0|0|0|0|0|0|0|0|0|0|0|0|0|0|0|0|0|0|0|0|0|3
301|11|"MORO Fabio"|"Chievo"|1|1|1|6|0|1|6|0|0|0|0|0|0|0|0|0|0|0|0|1|1|0|0|5
302|11|"NASTASE Valentin V."|"Bologna"|1|1|1|5.5|0|1|6|0|0|0|0|0|1|0|0|0|0|0|0|1|1|0|1|3
303|11|"NATALI Cesare"|"Atalanta"|1|1|1|6|0|1|6|0|0|0|0|0|0|0|0|0|0|0|0|1|1|0|1|12
304|11|"NEGRO Paolo"|"Lazio"|1|1|0|0|0|0|0|0|0|0|0|0|0|0|0|0|0|0|0|0|0|0|1|4
305|11|"NESTA Alessandro"|"Milan"|1|1|1|6|0|1|6|0|0|0|0|0|0|0|0|0|0|0|0|1|1|0|1|19
306|11|"ODDO Massimo"|"Lazio"|1|1|1|5.5|0|1|6|0|0|0|0|0|1|0|0|0|0|0|0|1|1|0|1|12
307|11|"OYOLA Gabriel Gaston"|"Parma"|0|1|0|0|0|0|0|0|0|0|0|0|0|0|0|0|0|0|0|0|0|0|0|1
308|11|"PACI Massimo"|"Lecce"|1|1|1|5.5|0|1|5.5|0|0|0|0|0|0|0|0|0|0|0|0|1|1|0|1|4
309|11|"PANCARO Giuseppe"|"Milan"|1|1|0|0|0|0|0|0|0|0|0|0|0|0|0|0|0|0|0|0|0|0|1|8
310|11|"PANUCCI Christian"|"Roma"|1|1|0|0|0|0|0|0|0|0|0|0|0|0|0|0|0|0|0|0|0|0|0|11
311|11|"PARISI Alessandro"|"Messina"|1|1|0|0|0|0|0|0|0|0|0|0|0|0|0|0|0|0|0|0|0|0|0|16
312|11|"PASQUALE Giovanni"|"Inter"|1|1|1|6|0|1|6|0|0|0|0|0|0|0|0|0|0|0|0|1|1|0|0|1
313|11|"PAVAN Simone"|"Sampdoria"|1|1|1|5.5|0|1|6|0|0|0|0|0|1|0|0|0|0|0|0|1|1|0|0|1
314|11|"PERNA Armando"|"Livorno"|0|1|0|0|0|0|0|0|0|0|0|0|0|0|0|0|0|0|0|0|0|0|0|1
315|11|"PESARESI Emanuele"|"Chievo"|1|1|0|0|0|0|0|0|0|0|0|0|0|0|0|0|0|0|0|0|0|0|0|1
316|11|"PESSOTTO Gianluca"|"Juventus"|1|1|1|6|0|1|6|0|0|0|0|0|0|0|0|0|0|0|0|1|1|0|0|6
317|11|"PETRUZZI Fabio"|"Bologna"|1|1|1|9|0|1|6|1|0|0|0|0|0|0|0|0|0|0|0|1|1|0|1|11
318|11|"PFERTZEL Marc"|"Livorno"|1|1|1|6|0|1|6|0|0|0|0|0|0|0|0|0|0|0|0|1|1|0|0|6
319|11|"PICCOLO Felice"|"Reggina"|1|1|0|0|0|0|0|0|0|0|0|0|0|0|0|0|0|0|0|0|0|0|1|3
320|11|"PIERINI Alessandro"|"Udinese"|0|1|0|0|0|0|0|0|0|0|0|0|0|0|0|0|0|0|0|0|0|0|1|1
321|11|"PISANO Marco"|"Sampdoria"|1|1|0|0|0|0|0|0|0|0|0|0|0|0|0|0|0|0|0|0|0|0|0|1
323|11|"POTENZA Alessandro"|"Parma"|1|1|1|6|0|1|6|0|0|0|0|0|0|0|0|0|0|0|0|1|1|0|0|6
324|11|"RAFAEL Pereira da Silva"|"Messina"|1|1|1|5.5|0|1|5.5|0|0|0|0|0|0|0|0|0|0|0|0|1|0|0|0|5
325|11|"REZAEI Rahman"|"Messina"|1|1|1|6|0|1|6.5|0|0|0|0|0|1|0|0|0|0|0|0|1|1|0|0|6
326|11|"RIVALTA Claudio"|"Atalanta"|1|1|1|5|0|1|5|0|0|0|0|0|0|0|0|0|0|0|0|1|1|0|1|1
327|11|"RULLO Erminio"|"Lecce"|1|1|1|5.5|0|1|6|0|0|0|0|0|1|0|0|0|0|0|0|1|1|0|1|3
328|11|"RUSTICO Fabio"|"Atalanta"|1|1|0|0|0|0|0|0|0|0|0|0|0|0|0|0|0|0|0|0|0|0|1|2
329|11|"SABATO Rocco"|"Cagliari"|1|1|0|0|0|0|0|0|0|0|0|0|0|0|0|0|0|0|0|0|0|0|1|1
330|11|"SACCHETTI Stefano"|"Sampdoria"|1|1|0|0|0|0|0|0|0|0|0|0|0|0|0|0|0|0|0|0|0|0|0|5
331|11|"SALA Luigi"|"Atalanta"|1|1|1|6|0|1|6|0|0|0|0|0|0|0|0|0|0|0|0|1|1|0|1|4
332|11|"SANTOS Gleison"|"Atalanta"|1|1|0|0|0|0|0|0|0|0|0|0|0|0|0|0|0|0|0|0|0|0|1|1
333|11|"SARTOR Luigi"|"Roma"|1|1|1|3|0|1|4|0|0|0|0|0|0|1|0|0|0|0|0|1|1|0|0|2
334|11|"SAVINI Mirko"|"Fiorentina"|1|1|0|0|0|0|0|0|0|0|0|0|0|0|0|0|0|0|0|0|0|0|1|4
335|11|"SENSINI Nestor"|"Udinese"|1|1|1|6|0|1|6|0|0|0|0|0|0|0|0|0|0|0|0|1|1|0|1|12
336|11|"SILVESTRI Cristian"|"Lecce"|1|1|0|0|0|0|0|0|0|0|0|0|0|0|0|0|0|0|0|0|0|0|1|3
337|11|"SIMIC Dario"|"Milan"|1|1|0|0|0|0|0|0|0|0|0|0|0|0|0|0|0|0|0|0|0|0|1|2
338|11|"SIVIGLIA Sebastiano"|"Lazio"|1|1|0|0|0|0|0|0|0|0|0|0|0|0|0|0|0|0|0|0|0|0|1|6
339|11|"SMIT Vlado"|"Bologna"|1|1|0|0|0|0|0|0|0|0|0|0|0|0|0|0|0|0|0|0|0|0|1|3
340|11|"SOTTIL Andrea"|"Udinese"|0|1|0|0|0|0|0|0|0|0|0|0|0|0|0|0|0|0|0|0|0|0|1|4
341|11|"STAM Jaap"|"Milan"|1|1|0|0|0|0|0|0|0|0|0|0|0|0|0|0|0|0|0|0|0|0|1|9
342|11|"STANKEVICIUS Marius"|"Brescia"|1|1|1|6|0|1|6|0|0|0|0|0|0|0|0|0|0|0|0|1|1|0|0|3
343|11|"STOVINI Lorenzo"|"Lecce"|1|1|1|5.5|0|1|5.5|0|0|0|0|0|0|0|0|0|0|0|0|1|1|0|1|9
344|11|"SUSSI Andrea"|"Bologna"|1|1|0|0|0|0|0|0|0|0|0|0|0|0|0|0|0|0|0|0|0|0|1|7
345|11|"TERLIZZI Christian"|"Palermo"|1|1|0|0|0|0|0|0|0|0|0|0|0|0|0|0|0|0|0|0|0|0|1|1
346|11|"TERZI Claudio"|"Bologna"|0|1|0|0|0|0|0|0|0|0|0|0|0|0|0|0|0|0|0|0|0|0|1|1
347|11|"THURAM Lilian"|"Juventus"|1|1|1|6|0|1|6|0|0|0|0|0|0|0|0|0|0|0|0|1|1|0|0|13
348|11|"TONETTO Max"|"Sampdoria"|1|1|1|6|0|1|6|0|0|0|0|0|0|0|0|0|0|0|0|1|1|0|0|9
349|11|"TUDOR Igor"|"Juventus"|1|1|0|0|0|0|0|0|0|0|0|0|0|0|0|0|0|0|0|0|0|0|0|4
350|11|"UJFALUSI Tomas"|"Fiorentina"|1|1|1|6.5|0|1|6.5|0|0|0|0|0|0|0|0|0|0|0|0|1|1|0|1|12
351|11|"VANIGLI Richard"|"Livorno"|0|1|0|0|0|0|0|0|0|0|0|0|0|0|0|0|0|0|0|0|0|0|0|3
352|11|"VARGAS Jeorge"|"Livorno"|1|1|1|6|0|1|6|0|0|0|0|0|0|0|0|0|0|0|0|1|1|0|0|7
353|11|"VIALI William"|"Fiorentina"|1|1|1|6|0|1|6.5|0|0|0|0|0|1|0|0|0|0|0|0|1|1|0|1|6
354|11|"ZACCARDO Cristian"|"Palermo"|1|1|1|5.5|0|1|5.5|0|0|0|0|0|0|0|0|0|0|0|0|1|1|0|1|9
355|11|"ZAMBELLI Marco"|"Brescia"|1|1|0|0|0|0|0|0|0|0|0|0|0|0|0|0|0|0|0|1|0|0|0|1
356|11|"ZAMBONI Marco"|"Reggina"|1|1|1|5.5|0|1|5.5|0|0|0|0|0|0|0|0|0|0|0|0|1|1|0|1|7
357|11|"ZAMBROTTA Gianluca"|"Juventus"|1|1|1|5.5|0|1|5.5|0|0|0|0|0|0|0|0|0|0|0|0|1|1|0|0|19
358|11|"ZANCHI Marco"|"Messina"|1|1|1|6|0|1|6.5|0|0|0|0|0|1|0|0|0|0|0|0|1|1|0|0|6
359|11|"ZANETTI Javier"|"Inter"|1|1|1|6|0|1|6|0|0|0|0|0|0|0|0|0|0|0|0|1|1|0|0|13
360|11|"ZAURI Luciano"|"Lazio"|1|1|0|0|0|0|0|0|0|0|0|0|0|0|0|0|0|0|0|0|0|0|1|11
361|11|"ZE MARIA"|"Inter"|1|1|0|0|0|0|0|0|0|0|0|0|0|0|0|0|0|0|0|0|0|0|0|12
362|11|"ZEBINA Jonathan"|"Juventus"|1|1|0|0|0|0|0|0|0|0|0|0|0|0|0|0|0|0|0|0|0|0|0|11
363|11|"ZENONI Cristian"|"Sampdoria"|1|1|1|6.5|0|1|6.5|0|0|0|0|0|0|0|0|0|0|0|0|1|1|0|0|8
364|11|"ZOBOLI Davide"|"Brescia"|1|1|0|0|0|0|0|0|0|0|0|0|0|0|0|0|0|0|0|1|0|0|0|3
365|11|"ZORO Marco A."|"Messina"|1|1|1|6.5|0|1|6.5|0|0|0|0|0|0|0|0|0|0|0|0|1|1|0|0|5
366|11|"PORTANOVA Daniele"|"Siena"|1|1|1|5.5|0|1|6|0|0|0|0|0|1|0|0|0|0|0|0|1|1|0|0|10
367|11|"SORONDO Gonzalo"|"Inter"|0|1|0|0|0|0|0|0|0|0|0|0|0|0|0|0|0|0|0|0|0|0|0|1
368|11|"EVANGELISTI Alessandro"|"Livorno"|1|1|0|0|0|0|0|0|0|0|0|0|0|0|0|0|0|0|0|0|0|0|0|1
369|11|"LOPEZ Oscar"|"Lazio"|1|1|1|5.5|0|1|5.5|0|0|0|0|0|0|0|0|0|0|0|0|1|1|0|1|7
370|11|"COUTO Fernando"|"Lazio"|1|1|1|4|0|1|5|0|0|0|0|0|0|1|0|0|0|0|0|1|1|0|1|12
371|11|"OSEI Emmanuel"|"Livorno"|1|1|0|0|0|0|0|0|0|0|0|0|0|0|0|0|0|0|0|0|0|0|0|1
372|11|"TORRISI Stefano"|"Bologna"|1|1|0|0|0|0|0|0|0|0|0|0|0|0|0|0|0|0|0|0|0|0|1|6
373|11|"BELLERI Manuel"|"Udinese"|1|1|1|6|0|1|6|0|0|0|0|0|0|0|0|0|0|0|0|1|0|0|1|4
374|11|"CRIBARI Sanchez Emilson"|"Udinese"|1|1|0|0|0|0|0|0|0|0|0|0|0|0|0|0|0|0|0|0|0|0|1|6
375|11|"SERIC Anthony"|"Lazio"|1|1|0|0|0|0|0|0|0|0|0|0|0|0|0|0|0|0|0|1|0|0|1|4
376|11|"MORABITO Giovanni"|"Reggina"|1|1|0|0|0|0|0|0|0|0|0|0|0|0|0|0|0|0|0|0|0|0|1|3
377|11|"NICOLA Davide"|"Siena"|1|1|1|6.5|0|1|6.5|0|0|0|0|0|0|0|0|0|0|0|0|1|1|0|0|7
378|11|"COLOCCINI Fabrizio"|"Milan"|1|1|0|0|0|0|0|0|0|0|0|0|0|0|0|0|0|0|0|0|0|0|1|4
379|11|"THIAGO Pimentel"|"Reggina"|0|1|0|0|0|0|0|0|0|0|0|0|0|0|0|0|0|0|0|0|0|0|1|4
380|11|"BEGA Francesco"|"Cagliari"|1|1|1|6|0|1|6|0|0|0|0|0|0|0|0|0|0|0|0|1|1|0|1|6
381|11|"LEQUI Matias Emanuel"|"Lazio"|1|1|0|0|0|0|0|0|0|0|0|0|0|0|0|0|0|0|0|0|0|0|1|4
382|11|"ESPOSITO Marco"|"Chievo"|1|1|0|0|0|0|0|0|0|0|0|0|0|0|0|0|0|0|0|0|0|0|0|2
383|11|"DALLAMANO Simone"|"Brescia"|1|1|1|5.5|0|1|5.5|0|0|0|0|0|0|0|0|0|0|0|0|1|1|0|0|5
384|11|"CAMARA Ibrahima Sory"|"Parma"|1|1|0|0|0|0|0|0|0|0|0|0|0|0|0|0|0|0|0|0|0|0|0|2
385|11|"PISANO Francesco"|"Cagliari"|1|1|0|0|0|0|0|0|0|0|0|0|0|0|0|0|0|0|0|0|0|0|1|2
386|11|"GALANTE Fabio"|"Livorno"|1|1|0|0|0|0|0|0|0|0|0|0|0|0|0|0|0|0|0|1|0|0|0|3
387|11|"ADRIANO Parreira"|"Palermo"|1|1|0|0|0|0|0|0|0|0|0|0|0|0|0|0|0|0|0|0|0|0|1|2
388|11|"D'ALTERIO Salvatore"|"Messina"|1|1|0|0|0|0|0|0|0|0|0|0|0|0|0|0|0|0|0|0|0|0|0|2
389|11|"ERAMO Simone"|"Messina"|1|1|0|0|0|0|0|0|0|0|0|0|0|0|0|0|0|0|0|1|0|0|0|1
390|11|"SCURTO Giuseppe"|"Roma"|1|1|1|5|0|1|5.5|0|0|0|0|0|1|0|0|0|0|0|0|1|0|0|0|3
391|11|"TEDESCHI Luca"|"Bologna"|1|1|0|0|0|0|0|0|0|0|0|0|0|0|0|0|0|0|0|1|0|0|1|1
501|11|"ABEIJON Nelson"|"Cagliari"|1|2|1|5.5|0|1|6|0|0|0|0|0|1|0|0|0|0|0|0|1|1|0|1|11
502|11|"ALBERTINI Demetrio"|"Atalanta"|1|2|0|0|0|0|0|0|0|0|0|0|0|0|0|0|0|0|0|0|0|0|1|18
503|11|"ALBERTO Valentin Do Carmo"|"Udinese"|1|2|0|0|0|0|0|0|0|0|0|0|0|0|0|0|0|0|0|0|0|0|1|4
504|11|"ALBINO Marcello"|"Cagliari"|1|2|0|0|0|0|0|0|0|0|0|0|0|0|0|0|0|0|0|0|0|0|1|5
505|11|"ALMEYDA Matias"|"Brescia"|0|2|0|0|0|0|0|0|0|0|0|0|0|0|0|0|0|0|0|0|0|0|0|8
506|11|"AMBROSINI Massimo"|"Milan"|1|2|0|0|0|0|0|0|0|0|0|0|0|0|0|0|0|0|0|0|0|0|1|6
507|11|"AMETRANO Raffaele"|"Messina"|1|2|1|5.5|0|1|5.5|0|0|0|0|0|0|0|0|0|0|0|0|1|1|0|0|1
508|11|"AMOROSO Christian"|"Bologna"|1|2|0|0|0|0|0|0|0|0|0|0|0|0|0|0|0|0|0|0|0|0|1|7
509|11|"ANTONINI Luca"|"Sampdoria"|0|2|0|0|0|0|0|0|0|0|0|0|0|0|0|0|0|0|0|0|0|0|0|1
510|11|"APPIAH Stephen"|"Juventus"|1|2|0|0|0|0|0|0|0|0|0|0|0|0|0|0|0|0|0|0|0|0|0|4
511|11|"AQUILANI Alberto"|"Roma"|1|2|1|5|0|1|5|0|0|0|0|0|0|0|0|0|0|0|0|1|1|0|0|4
512|11|"ARDITO Andrea"|"Siena"|1|2|0|0|0|0|0|0|0|0|0|0|0|0|0|0|0|0|0|1|0|0|0|4
513|11|"ARGILLI Stefano"|"Siena"|1|2|1|6|0|1|6|0|0|0|0|0|0|0|0|0|0|0|0|1|1|0|0|1
514|11|"ARIATTI Luca"|"Fiorentina"|1|2|1|5|0|1|5|0|0|0|0|0|0|0|0|0|0|0|0|1|1|0|1|4
515|11|"BABU' A. De Oliveira"|"Lecce"|1|2|1|6|0|1|6|0|0|0|0|0|0|0|0|0|0|0|0|1|0|0|1|3
516|11|"BACHINI Jonathan"|"Brescia"|1|2|0|0|0|0|0|0|0|0|0|0|0|0|0|0|0|0|0|0|0|0|0|6
517|11|"BAIOCCO Davide"|"Juventus"|0|2|0|0|0|0|0|0|0|0|0|0|0|0|0|0|0|0|0|0|0|0|0|3
518|11|"BARONE Simone"|"Palermo"|1|2|0|0|0|0|0|0|0|0|0|0|0|0|0|0|0|0|0|1|0|0|1|15
519|11|"BARONIO Roberto"|"Chievo"|1|2|1|6|0|1|6|0|0|0|0|0|0|0|0|0|0|0|0|1|1|0|0|9
520|11|"BERNARDINI Antonino"|"Atalanta"|1|2|1|5.5|0|1|6|0|0|0|0|0|1|0|0|0|0|0|0|1|1|0|1|5
521|11|"BINOTTO Jonatan"|"Bologna"|1|2|1|5.5|0|1|5.5|0|0|0|0|0|0|0|0|0|0|0|0|1|1|0|1|1
522|11|"BLASI Manuele"|"Juventus"|1|2|1|6.5|0|1|6.5|0|0|0|0|0|0|0|0|0|0|0|0|1|1|0|0|12
523|11|"BOLANO Correa Jorge Eladio"|"Parma"|1|2|0|0|0|0|0|0|0|0|0|0|0|0|0|0|0|0|0|0|0|0|0|5
524|11|"BOUDIANSKI Viktor"|"Reggina"|1|2|0|0|0|0|0|0|0|0|0|0|0|0|0|0|0|0|0|0|0|0|1|1
525|11|"BRAMBILLA Massimo"|"Cagliari"|1|2|0|0|0|0|0|0|0|0|0|0|0|0|0|0|0|0|0|0|0|0|1|7
526|11|"BRESCIANO Mark"|"Parma"|1|2|1|6|0|1|6|0|0|0|0|0|0|0|0|0|0|0|0|1|0|0|0|14
527|11|"BRIGHI Matteo"|"Chievo"|1|2|1|5.5|0|1|5.5|0|0|0|0|0|0|0|0|0|0|0|0|1|1|0|0|11
528|11|"BROCCHI Cristian"|"Milan"|1|2|1|6.5|0|1|6.5|0|0|0|0|0|0|0|0|0|0|0|0|1|1|0|1|4
529|11|"BUDEL Alessandro"|"Parma"|1|2|1|5.5|0|1|5.5|0|0|0|0|0|0|0|0|0|0|0|0|1|1|0|0|4
530|11|"CAMBIASSO Esteban"|"Inter"|1|2|1|6|0|1|6.5|0|0|0|0|0|1|0|0|0|0|0|0|1|1|0|0|13
531|11|"CAMORANESI Mauro"|"Juventus"|1|2|1|7.5|0|1|6.5|0|0|0|0|1|0|0|0|0|0|0|0|1|1|0|0|15
532|11|"CAMORANI Alfonso"|"Siena"|1|2|1|6.5|0|1|6.5|0|0|0|0|0|0|0|0|0|0|0|0|1|1|0|0|5
533|11|"CAMPOLO Sergio"|"Messina"|0|2|0|0|0|0|0|0|0|0|0|0|0|0|0|0|0|0|0|0|0|0|0|1
534|11|"CARRUS Davide"|"Fiorentina"|0|2|0|0|0|0|0|0|0|0|0|0|0|0|0|0|0|0|0|0|0|0|1|1
535|11|"CASSETTI Marco"|"Lecce"|1|2|1|10|0|1|7|1|0|0|1|0|0|0|0|0|0|0|0|1|1|0|1|15
536|11|"CESAR Rodriguez Aparecido"|"Lazio"|1|2|1|5|0|1|5|0|0|0|0|0|0|0|0|0|0|0|0|1|1|0|1|10
537|11|"CIARAMITARO Maurizio"|"Livorno"|0|2|0|0|0|0|0|0|0|0|0|0|0|0|0|0|0|0|0|0|0|0|0|3
538|11|"COLUCCI Leonardo"|"Bologna"|1|2|1|6|0|1|6.5|0|0|0|0|0|1|0|0|0|0|0|0|1|1|0|1|2
539|11|"CONTI Daniele"|"Cagliari"|1|2|1|6|0|1|6.5|0|0|0|0|0|1|0|0|0|0|0|0|1|1|0|1|4
540|11|"COPPOLA Carmine"|"Messina"|1|2|1|6|0|1|6|0|0|0|0|0|0|0|0|0|0|0|0|1|1|0|0|6
541|11|"CORINI Eugenio"|"Palermo"|1|2|1|6.5|0|1|6.5|0|0|0|0|0|0|0|0|0|0|0|0|1|1|0|1|20
542|11|"DABO Ousmane"|"Lazio"|1|2|1|5|0|1|5|0|0|0|0|0|0|0|0|0|0|0|0|1|1|0|1|5
543|11|"DACOURT Olivier"|"Roma"|1|2|0|0|0|0|0|0|0|0|0|0|0|0|0|0|0|0|0|0|0|0|0|13
544|11|"D'AGOSTINO Gaetano"|"Roma"|1|2|0|0|0|0|0|0|0|0|0|0|0|0|0|0|0|0|0|0|0|0|0|4
545|11|"DALLA BONA Samuele"|"Lecce"|1|2|1|6.5|0|1|6.5|0|0|0|0|0|0|0|0|0|0|0|0|1|0|0|1|14
546|11|"D'AVERSA Roberto"|"Siena"|1|2|0|0|0|0|0|0|0|0|0|0|0|0|0|0|0|0|0|0|0|0|0|4
547|11|"DAVIDS Edgar"|"Inter"|1|2|1|5.5|0|1|5.5|0|0|0|0|0|0|0|0|0|0|0|0|1|1|0|0|14
548|11|"DE ROSSI Daniele"|"Roma"|1|2|1|4.5|0|1|5|0|0|0|0|0|1|0|0|0|0|0|0|1|1|0|0|16
549|11|"DE VEZZE Daniele"|"Fiorentina"|0|2|0|0|0|0|0|0|0|0|0|0|0|0|0|0|0|0|0|0|0|0|1|2
550|11|"DEL NERO Simone"|"Brescia"|1|2|0|0|0|0|0|0|0|0|0|0|0|0|0|0|0|0|0|0|0|0|0|14
551|11|"DELNEVO Loris"|"Cagliari"|1|2|1|6|0|1|6|0|0|0|0|0|0|0|0|0|0|0|0|1|0|0|1|4
552|11|"DHORASOO Vikash"|"Milan"|1|2|1|6.5|0|1|6.5|0|0|0|0|0|0|0|0|0|0|0|0|1|0|0|1|4
553|11|"DI DONATO Daniele"|"Siena"|1|2|1|6|0|1|6|0|0|0|0|0|0|0|0|0|0|0|0|1|1|0|0|5
554|11|"DI LIVIO Angelo"|"Fiorentina"|1|2|0|0|0|0|0|0|0|0|0|0|0|0|0|0|0|0|0|0|0|0|1|2
555|11|"DIANA Aimo"|"Sampdoria"|1|2|1|5.5|0|1|5.5|0|0|0|0|0|0|0|0|0|0|0|0|1|1|0|0|15
556|11|"DIARRA Drissa"|"Lecce"|1|2|0|0|0|0|0|0|0|0|0|0|0|0|0|0|0|0|0|0|0|0|1|4
557|11|"DOGA Alessandro"|"Livorno"|1|2|1|6|0|1|6|0|0|0|0|0|0|0|0|0|0|0|0|1|1|0|0|5
558|11|"DONADEL Marco"|"Sampdoria"|1|2|1|6|0|1|6.5|0|0|0|0|0|1|0|0|0|0|0|0|1|1|0|0|6
559|11|"DONATI Massimo"|"Messina"|1|2|1|6|0|1|6|0|0|0|0|0|0|0|0|0|0|0|0|1|1|0|0|9
560|11|"DONI Cristiano"|"Sampdoria"|1|2|1|5.5|0|1|5.5|0|0|0|0|0|0|0|0|0|0|0|0|1|1|0|0|11
561|11|"EDUSEI Mark"|"Sampdoria"|1|2|0|0|0|0|0|0|0|0|0|0|0|0|0|0|0|0|0|0|0|0|0|1
562|11|"EMERSON Ferreira"|"Juventus"|1|2|1|6|0|1|6|0|0|0|0|0|0|0|0|0|0|0|0|1|1|0|0|27
563|11|"EMRE Belozoglu"|"Inter"|1|2|1|5.5|0|1|5.5|0|0|0|0|0|0|0|0|0|0|0|0|1|1|0|0|4
564|11|"EREMENKO Alexei"|"Lecce"|1|2|1|5.5|0|1|5.5|0|0|0|0|0|0|0|0|0|0|0|0|1|1|0|1|5
566|11|"MENEGAZZO Fernando"|"Siena"|1|2|0|0|0|0|0|0|0|0|0|0|0|0|0|0|0|0|0|0|0|0|0|4
567|11|"FILIPPINI Antonio"|"Lazio"|1|2|1|5|0|1|5|0|0|0|0|0|0|0|0|0|0|0|0|1|0|0|1|5
568|11|"FILIPPINI Emanuele"|"Lazio"|1|2|0|0|0|0|0|0|0|0|0|0|0|0|0|0|0|0|0|0|0|0|1|4
569|11|"FIUMICELLI Ernesto Luca"|"Brescia"|1|2|0|0|0|0|0|0|0|0|0|0|0|0|0|0|0|0|0|0|0|0|0|1
570|11|"FONTANA Gaetano"|"Fiorentina"|1|2|0|0|0|0|0|0|0|0|0|0|0|0|0|0|0|0|0|0|0|0|1|3
571|11|"FRANCESCHINI Daniele"|"Chievo"|1|2|1|5|0|1|5|0|0|0|0|0|0|0|0|0|0|0|0|1|1|0|0|7
572|11|"GASBARRONI Andrea"|"Palermo"|1|2|0|0|0|0|0|0|0|0|0|0|0|0|0|0|0|0|0|0|0|0|1|16
573|11|"GATTUSO Ivan Gennaro"|"Milan"|1|2|0|0|0|0|0|0|0|0|0|0|0|0|0|0|0|0|0|0|0|0|1|15
574|11|"GAUTIERI Carmine"|"Atalanta"|1|2|0|0|0|0|0|0|0|0|0|0|0|0|0|0|0|0|0|1|0|0|1|13
575|11|"GEMITI Giuseppe"|"Udinese"|0|2|0|0|0|0|0|0|0|0|0|0|0|0|0|0|0|0|0|0|0|0|1|1
576|11|"GENTILE Andrea"|"Messina"|0|2|0|0|0|0|0|0|0|0|0|0|0|0|0|0|0|0|0|0|0|0|0|2
577|11|"GIACOMAZZI Guillermo"|"Lecce"|1|2|1|5.5|0|1|5.5|0|0|0|0|0|0|0|0|0|0|0|0|1|1|0|1|11
578|11|"GIALLOMBARDO Andrea"|"Livorno"|1|2|0|0|0|0|0|0|0|0|0|0|0|0|0|0|0|0|0|0|0|0|0|7
579|11|"GIAMPA' Domenico"|"Messina"|1|2|0|0|0|0|0|0|0|0|0|0|0|0|0|0|0|0|0|0|0|0|0|6
580|11|"GIANNICHEDDA Giuliano"|"Lazio"|1|2|0|0|0|0|0|0|0|0|0|0|0|0|0|0|0|0|0|0|0|0|1|11
581|11|"GIUNTI Federico"|"Bologna"|1|2|0|0|0|0|0|0|0|0|0|0|0|0|0|0|0|0|0|0|0|0|1|6
582|11|"GOBBI Massimo"|"Cagliari"|1|2|1|5.5|0|1|6|0|0|0|0|0|1|0|0|0|0|0|0|1|1|0|1|10
583|11|"GRAUSO Claudio"|"Livorno"|1|2|1|6|0|1|6|0|0|0|0|0|0|0|0|0|0|0|0|1|0|0|0|4
584|11|"GUANA Roberto"|"Brescia"|1|2|1|6.5|0|1|6.5|0|0|0|0|0|0|0|0|0|0|0|0|1|1|0|0|6
585|11|"GUIGOU Gianni"|"Fiorentina"|1|2|0|0|0|0|0|0|0|0|0|0|0|0|0|0|0|0|0|0|0|0|1|4
586|11|"GULY Andres"|"Inter"|0|2|0|0|0|0|0|0|0|0|0|0|0|0|0|0|0|0|0|0|0|0|0|1
587|11|"HELGUERA Ivan"|"Fiorentina"|1|2|0|0|0|0|0|0|0|0|0|0|0|0|0|0|0|0|0|0|0|0|1|1
588|11|"JANKULOVSKI Marek"|"Udinese"|1|2|1|6.5|0|1|6.5|0|0|0|0|0|0|0|0|0|0|0|0|1|1|0|1|20
589|11|"JORGENSEN Martin"|"Fiorentina"|1|2|1|6.5|0|1|6.5|0|0|0|0|0|0|0|0|0|0|0|0|1|0|0|1|16
590|11|"JUNIOR Denilson de Souza"|"Parma"|0|2|0|0|0|0|0|0|0|0|0|0|0|0|0|0|0|0|0|0|0|0|0|2
591|11|"KAKA Ricardo"|"Milan"|1|2|1|5.5|0|1|5.5|0|0|0|0|0|0|0|0|0|0|0|0|1|1|0|1|32
592|11|"KAPO Olivier"|"Juventus"|1|2|0|0|0|0|0|0|0|0|0|0|0|0|0|0|0|0|0|0|0|0|0|7
593|11|"KARAGOUNIS Giorgios"|"Inter"|1|2|0|0|0|0|0|0|0|0|0|0|0|0|0|0|0|0|0|0|0|0|0|4
594|11|"KILY GONZALEZ"|"Inter"|1|2|0|0|0|0|0|0|0|0|0|0|0|0|0|0|0|0|0|0|0|0|0|4
595|11|"LAMOUCHI Sabri"|"Inter"|0|2|0|0|0|0|0|0|0|0|0|0|0|0|0|0|0|0|0|0|0|0|0|1
596|11|"LAVECCHIA Luigi"|"Messina"|0|2|0|0|0|0|0|0|0|0|0|0|0|0|0|0|0|0|0|0|0|0|0|2
597|11|"LEDESMA Christian"|"Lecce"|1|2|1|5.5|0|1|5.5|0|0|0|0|0|0|0|0|0|0|0|0|1|1|0|1|13
598|11|"LEON Julio Cesar"|"Reggina"|0|2|0|0|0|0|0|0|0|0|0|0|0|0|0|0|0|0|0|0|0|0|1|1
599|11|"LIMBERSKY David"|"Udinese"|1|2|0|0|0|0|0|0|0|0|0|0|0|0|0|0|0|0|0|0|0|0|1|1
600|11|"LIVERANI Fabio"|"Lazio"|1|2|0|0|0|0|0|0|0|0|0|0|0|0|0|0|0|0|0|0|0|0|1|8
601|11|"LOVISO Massimo"|"Bologna"|1|2|1|6|0|1|6|0|0|0|0|0|0|0|0|0|0|0|0|1|1|0|1|3
602|11|"LUCIANO"|"Chievo"|1|2|0|0|0|0|0|0|0|0|0|0|0|0|0|0|0|0|0|0|0|0|0|4
603|11|"MAGGIO Cristian"|"Fiorentina"|1|2|0|0|0|0|0|0|0|0|0|0|0|0|0|0|0|0|0|0|0|0|1|3
604|11|"MAMEDE Jose' Aleixo"|"Messina"|1|2|0|0|0|0|0|0|0|0|0|0|0|0|0|0|0|0|0|0|0|0|0|4
605|11|"MANCINI Amantino"|"Roma"|1|2|1|5|0|1|5|0|0|0|0|0|0|0|0|0|0|0|0|1|1|0|0|22
606|11|"MANNINI"|"Brescia"|1|2|0|0|0|0|0|0|0|0|0|0|0|0|0|0|0|0|0|0|0|0|0|7
607|11|"MARCHIONNI Marco"|"Parma"|1|2|1|7|0|1|6|0|0|0|0|1|0|0|0|0|0|0|0|1|1|0|0|17
608|11|"MARCOLINI Michele"|"Atalanta"|1|2|1|6|0|1|6|0|0|0|0|0|0|0|0|0|0|0|0|1|1|0|1|10
609|11|"MARESCA Enzo"|"Fiorentina"|1|2|1|5|0|1|5.5|0|0|0|0|0|1|0|0|0|0|0|0|1|1|0|1|17
610|11|"MARIANINI Francesco"|"Lecce"|1|2|0|0|0|0|0|0|0|0|0|0|0|0|0|0|0|0|0|0|0|0|1|7
611|11|"MESTO Giandomenico"|"Reggina"|1|2|1|5.5|0|1|5.5|0|0|0|0|0|0|0|0|0|0|0|0|1|1|0|1|7
612|11|"MINGAZZINI Nicola"|"Atalanta"|1|2|0|0|0|0|0|0|0|0|0|0|0|0|0|0|0|0|0|0|0|0|1|4
613|11|"MONTOLIVO Riccardo"|"Atalanta"|1|2|1|6.5|0|1|6.5|0|0|0|0|0|0|0|0|0|0|0|0|1|1|0|1|17
614|11|"MORFEO Domenico"|"Parma"|1|2|1|10|0|1|7|1|0|1|0|0|0|0|0|0|0|0|0|1|1|0|0|15
615|11|"MORRONE Stefano"|"Palermo"|1|2|1|6|0|1|6|0|0|0|0|0|0|0|0|0|0|0|0|1|1|0|1|4
616|11|"MOZART Junior Santos"|"Reggina"|1|2|1|5.5|0|1|6|0|0|0|0|0|1|0|0|0|0|0|0|1|0|0|1|7
617|11|"MUNTARI Sulley Ali"|"Udinese"|1|2|1|6|0|1|6.5|0|0|0|0|0|1|0|0|0|0|0|0|1|1|0|1|4
618|11|"MUTARELLI Massimo"|"Palermo"|1|2|0|0|0|0|0|0|0|0|0|0|0|0|0|0|0|0|0|0|0|0|1|6
619|11|"NAKAMURA Shunsuke"|"Reggina"|1|2|0|0|0|0|0|0|0|0|0|0|0|0|0|0|0|0|0|0|0|0|1|11
620|11|"NAKATA Hidetoshi"|"Fiorentina"|1|2|1|5|0|1|5|0|0|0|0|0|0|0|0|0|0|0|0|1|1|0|1|18
621|11|"NEDVED Pavel"|"Juventus"|1|2|1|5|0|1|5.5|0|0|0|0|0|1|0|0|0|0|0|0|1|1|0|0|29
622|11|"NERVO Carlo"|"Bologna"|1|2|0|0|0|0|0|0|0|0|0|0|0|0|0|0|0|0|0|0|0|0|1|8
623|11|"OBODO Chris"|"Fiorentina"|1|2|1|6|0|1|6|0|0|0|0|0|0|0|0|0|0|0|0|1|1|0|1|12
624|11|"OLIVERA Ruben"|"Juventus"|1|2|1|9.5|0|1|7|1|0|1|0|0|1|0|0|0|0|0|0|1|0|0|0|9
625|11|"PAGANO Biagio"|"Sampdoria"|1|2|0|0|0|0|0|0|0|0|0|0|0|0|0|0|0|0|0|0|0|0|0|1
626|11|"PALOMBO Angelo"|"Sampdoria"|1|2|1|6.5|0|1|6.5|0|0|0|0|0|0|0|0|0|0|0|0|1|1|0|0|7
627|11|"PANDEV Goran"|"Lazio"|1|2|1|6.5|0|1|6.5|0|0|0|0|0|0|0|0|0|0|0|0|1|1|0|1|9
628|11|"PAREDES Carlos Humberto"|"Reggina"|1|2|1|6|0|1|6|0|0|0|0|0|0|0|0|0|0|0|0|1|1|0|1|6
629|11|"PASSONI Dario"|"Livorno"|1|2|1|6.5|0|1|6.5|0|0|0|0|0|0|0|0|0|0|0|0|1|1|0|0|6
630|11|"PAZIENZA Michele"|"Udinese"|1|2|0|0|0|0|0|0|0|0|0|0|0|0|0|0|0|0|0|1|0|0|1|5
631|11|"PECCHIA Fabio"|"Siena"|1|2|1|10|0|1|7|1|0|0|0|0|0|0|0|0|0|0|0|1|1|0|0|10
632|11|"PERROTTA Simone"|"Roma"|1|2|1|6|0|1|6|0|0|0|0|0|0|0|0|0|0|0|0|1|1|0|0|14
633|11|"PIANGERELLI Luigi"|"Fiorentina"|1|2|0|0|0|0|0|0|0|0|0|0|0|0|0|0|0|0|0|0|0|0|1|3
634|11|"PIERI Mirko"|"Udinese"|1|2|0|0|0|0|0|0|0|0|0|0|0|0|0|0|0|0|0|0|0|0|1|1
635|11|"PINARDI Alex"|"Lecce"|1|2|1|6|0|1|6|0|0|0|0|0|0|0|0|0|0|0|0|1|0|0|1|8
636|11|"PINNA Sebastiano"|"Cagliari"|0|2|0|0|0|0|0|0|0|0|0|0|0|0|0|0|0|0|0|0|0|0|1|1
637|11|"PINZI Giampiero"|"Udinese"|1|2|1|6.5|0|1|7|0|0|0|0|0|1|0|0|0|0|0|0|1|1|0|1|8
638|11|"PIRLO Andrea"|"Milan"|1|2|1|5.5|0|1|6|0|0|0|0|0|1|0|0|0|0|0|0|1|1|0|1|25
639|11|"PIZARRO David Cortes"|"Udinese"|1|2|1|10.5|0|1|7.5|1|0|0|0|0|0|0|1|0|0|0|0|1|1|0|1|20
640|11|"REBECCHI Mario"|"Inter"|1|2|0|0|0|0|0|0|0|0|0|0|0|0|0|0|0|0|0|0|0|0|0|4
641|11|"ROSINA Alessandro"|"Parma"|1|2|1|6|0|1|6|0|0|0|0|0|0|0|0|0|0|0|0|1|1|0|0|4
642|11|"RUI COSTA Manuel"|"Milan"|1|2|1|5.5|0|1|5.5|0|0|0|0|0|0|0|0|0|0|0|0|1|1|0|1|13
643|11|"RUOTOLO Gennaro"|"Livorno"|1|2|1|6|0|1|6|0|0|0|0|0|0|0|0|0|0|0|0|1|1|0|0|1
644|11|"SANTANA Mario Alberto"|"Palermo"|1|2|1|5|0|1|5|0|0|0|0|0|0|0|0|0|0|0|0|1|1|0|1|13
645|11|"SCHOPP Markus"|"Brescia"|1|2|1|6|0|1|6|0|0|0|0|0|0|0|0|0|0|0|0|1|1|0|0|5
646|11|"SEEDORF Clarence"|"Milan"|1|2|1|6.5|0|1|6.5|0|0|0|0|0|0|0|0|0|0|0|0|1|1|0|1|14
647|11|"SEMIOLI Franco"|"Chievo"|1|2|1|6|0|1|6|0|0|0|0|0|0|0|0|0|0|0|0|1|1|0|0|16
648|11|"SERGINHO Claudio Santos"|"Milan"|1|2|1|6|0|1|6|0|0|0|0|0|0|0|0|0|0|0|0|1|0|0|1|7
649|11|"STANKOVIC Dejan"|"Inter"|1|2|0|0|0|0|0|0|0|0|0|0|0|0|0|0|0|0|0|0|0|0|0|22
650|11|"SULLO Salvatore"|"Messina"|1|2|0|0|0|0|0|0|0|0|0|0|0|0|0|0|0|0|0|0|0|0|0|9
651|11|"TACCHINARDI Alessio"|"Juventus"|1|2|0|0|0|0|0|0|0|0|0|0|0|0|0|0|0|0|0|0|0|0|0|5
652|11|"TADDEI Rodrigo"|"Siena"|1|2|0|0|0|0|0|0|0|0|0|0|0|0|0|0|0|0|0|0|0|0|0|6
653|11|"TEDESCO Giacomo"|"Reggina"|1|2|1|6|0|1|6|0|0|0|0|0|0|0|0|0|0|0|0|1|1|0|1|7
654|11|"TOLEDO Machado"|"Udinese"|0|2|0|0|0|0|0|0|0|0|0|0|0|0|0|0|0|0|0|0|0|0|1|3
655|11|"TOMMASI Damiano"|"Roma"|1|2|0|0|0|0|0|0|0|0|0|0|0|0|0|0|0|0|0|0|0|0|0|1
656|11|"VALDES Jaime"|"Fiorentina"|1|2|0|0|0|0|0|0|0|0|0|0|0|0|0|0|0|0|0|0|0|0|1|4
657|11|"VAN DER MEYDE Andy"|"Inter"|1|2|0|0|0|0|0|0|0|0|0|0|0|0|0|0|0|0|0|0|0|0|0|6
658|11|"VANNUCCHI Ighli"|"Palermo"|0|2|0|0|0|0|0|0|0|0|0|0|0|0|0|0|0|0|0|0|0|0|1|3
659|11|"VERGASSOLA Simone"|"Siena"|1|2|1|5.5|0|1|6|0|0|0|0|0|1|0|0|0|0|0|0|1|1|0|0|6
660|11|"VERON Juan Sebastian"|"Inter"|1|2|0|0|0|0|0|0|0|0|0|0|0|0|0|0|0|0|0|1|1|0|0|18
661|11|"VIDIGAL Da Cruz"|"Livorno"|1|2|0|0|0|0|0|0|0|0|0|0|0|0|0|0|0|0|0|0|0|0|0|8
662|11|"VIGIANI Luca"|"Livorno"|1|2|1|7|0|1|6|0|0|0|0|1|0|0|0|0|0|0|0|1|1|0|0|7
663|11|"VOLPI Sergio"|"Sampdoria"|1|2|0|0|0|0|0|0|0|0|0|0|0|0|0|0|0|0|0|0|0|0|0|13
664|11|"ZAGORAKIS Theodoros"|"Bologna"|1|2|1|5|0|1|5|0|0|0|0|0|0|0|0|0|0|0|0|1|1|0|1|14
665|11|"ZANCHETTA Andrea"|"Chievo"|1|2|0|0|0|0|0|0|0|0|0|0|0|0|0|0|0|0|0|0|0|0|0|5
666|11|"ZANETTI Cristiano"|"Inter"|1|2|1|6|0|1|6|0|0|0|0|0|0|0|0|0|0|0|0|1|0|0|0|5
667|11|"ZAULI Lamberto"|"Palermo"|1|2|1|6|0|1|6.5|0|0|0|0|0|1|0|0|0|0|0|0|1|1|0|1|5
668|11|"ZENONI Damiano"|"Atalanta"|1|2|1|5.5|0|1|5.5|0|0|0|0|0|0|0|0|0|0|0|0|1|1|0|1|9
669|11|"ZIVKOVIC Bratislav"|"Sampdoria"|1|2|0|0|0|0|0|0|0|0|0|0|0|0|0|0|0|0|0|0|0|0|0|1
670|11|"CORDOVA Nicolas"|"Livorno"|1|2|0|0|0|0|0|0|0|0|0|0|0|0|0|0|0|0|0|0|0|0|0|7
671|11|"GONZALES Mariano"|"Palermo"|1|2|1|5.5|0|1|5.5|0|0|0|0|0|0|0|0|0|0|0|0|1|1|0|1|8
672|11|"VERON Ricardo"|"Reggina"|1|2|0|0|0|0|0|0|0|0|0|0|0|0|0|0|0|0|0|0|0|0|1|2
673|11|"ABATE Ignazio"|"Milan"|0|2|0|0|0|0|0|0|0|0|0|0|0|0|0|0|0|0|0|0|0|0|1|1
674|11|"SIMPLICIO Fabio"|"Parma"|1|2|1|6|0|1|6|0|0|0|0|0|0|0|0|0|0|0|0|1|0|0|0|5
675|11|"DEFRANCESCHI Ivone"|"Chievo"|1|2|0|0|0|0|0|0|0|0|0|0|0|0|0|0|0|0|0|0|0|0|0|4
676|11|"GAMBADORI Alessandro"|"Livorno"|1|2|0|0|0|0|0|0|0|0|0|0|0|0|0|0|0|0|0|0|0|0|0|1
677|11|"RAIMONDI Cristian"|"Palermo"|1|2|0|0|0|0|0|0|0|0|0|0|0|0|0|0|0|0|0|0|0|0|1|5
678|11|"COLUCCI Giuseppe"|"Reggina"|1|2|0|0|0|0|0|0|0|0|0|0|0|0|0|0|0|0|0|0|0|0|1|12
679|11|"GRELLA Vincenzo"|"Parma"|1|2|1|5.5|0|1|5.5|0|0|0|0|0|0|0|0|0|0|0|0|1|1|0|0|7
680|11|"GONZALEZ Esteban"|"Lazio"|1|2|1|5|0|1|5.5|0|0|0|0|0|1|0|0|0|0|0|0|1|1|0|1|4
681|11|"MEA Miguel Angel"|"Lazio"|1|2|0|0|0|0|0|0|0|0|0|0|0|0|0|0|0|0|0|0|0|0|1|3
682|11|"TALAMONTI Leonardo"|"Lazio"|1|2|1|5.5|0|1|5.5|0|0|0|0|0|0|0|0|0|0|0|0|1|1|0|1|6
683|11|"ROBERT Bryan"|"Lazio"|1|2|0|0|0|0|0|0|0|0|0|0|0|0|0|0|0|0|0|0|0|0|1|4
684|11|"MAURI Stefano"|"Udinese"|1|2|1|6.5|0|1|6.5|0|0|0|0|0|0|0|0|0|0|0|0|1|1|0|1|13
685|11|"MILANETTO Omar"|"Brescia"|1|2|0|0|0|0|0|0|0|0|0|0|0|0|0|0|0|0|0|0|0|0|0|11
686|11|"ALLEGRETTI Riccardo"|"Chievo"|1|2|0|0|0|0|0|0|0|0|0|0|0|0|0|0|0|0|0|0|0|0|0|4
687|11|"DELLA MORTE Ivano"|"Siena"|0|2|0|0|0|0|0|0|0|0|0|0|0|0|0|0|0|0|0|0|0|0|0|7
688|11|"PERALTA Horacio"|"Cagliari"|1|2|0|0|0|0|0|0|0|0|0|0|0|0|0|0|0|0|0|0|0|0|1|4
689|11|"CUCCIARI Alessandro"|"Messina"|1|2|0|0|0|0|0|0|0|0|0|0|0|0|0|0|0|0|0|0|0|0|0|4
690|11|"ESPOSITO Gennaro"|"Siena"|1|2|0|0|0|0|0|0|0|0|0|0|0|0|0|0|0|0|0|0|0|0|0|2
691|11|"GONIAS Panagiotis"|"Messina"|1|2|0|0|0|0|0|0|0|0|0|0|0|0|0|0|0|0|0|0|0|0|0|3
692|11|"DE MARTINO Raffaele"|"Roma"|1|2|1|5.5|0|1|5.5|0|0|0|0|0|0|0|0|0|0|0|0|1|0|0|0|3
693|11|"SAMMARCO Paolo"|"Chievo"|1|2|0|0|0|0|0|0|0|0|0|0|0|0|0|0|0|0|0|1|0|0|0|1
801|11|"ADRIANO Leite Ribeiro"|"Inter"|1|3|1|10.5|0|1|7.5|1|0|0|0|0|0|0|0|0|0|0|0|1|1|0|0|57
802|11|"AMAURI Carvalho De O."|"Chievo"|1|3|1|5|0|1|5|0|0|0|0|0|0|0|0|0|0|0|0|1|1|0|0|7
804|11|"BAZZANI Fabio"|"Sampdoria"|1|3|1|5|0|1|5.5|0|0|0|0|0|1|0|0|0|0|0|0|1|1|0|0|30
805|11|"BELLUCCI Claudio"|"Bologna"|1|3|1|10|0|1|7|1|0|0|1|0|0|0|0|0|0|0|0|1|0|0|1|12
806|11|"BIANCHI Rolando"|"Cagliari"|1|3|0|0|0|0|0|0|0|0|0|0|0|0|0|0|0|0|0|0|0|0|1|4
807|11|"BILIOTTI Emiliano"|"Livorno"|0|3|0|0|0|0|0|0|0|0|0|0|0|0|0|0|0|0|0|0|0|0|0|3
808|11|"BOGDANI Erjon"|"Reggina"|0|3|0|0|0|0|0|0|0|0|0|0|0|0|0|0|0|0|0|0|0|0|1|7
809|11|"BOJINOV Valeri E."|"Lecce"|1|3|1|5|0|1|5|0|0|0|0|0|0|0|0|0|0|0|0|1|1|0|1|32
810|11|"BONAZZOLI Emiliano"|"Reggina"|1|3|1|6.5|0|1|6.5|0|0|0|0|0|0|0|0|0|0|0|0|1|1|0|1|21
811|11|"BORRIELLO Marco"|"Reggina"|1|3|0|0|0|0|0|0|0|0|0|0|0|0|0|0|0|0|0|1|0|0|1|19
812|11|"BRIENZA Franco"|"Palermo"|1|3|0|0|0|0|0|0|0|0|0|0|0|0|0|0|0|0|0|0|0|0|1|10
813|11|"BUDAN Igor"|"Atalanta"|1|3|1|5.5|0|1|5.5|0|0|0|0|0|0|0|0|0|0|0|0|1|1|0|1|14
814|11|"CAMMARATA Fabrizio"|"Cagliari"|0|3|0|0|0|0|0|0|0|0|0|0|0|0|0|0|0|0|0|0|0|0|1|4
815|11|"CAPONE Andrea"|"Cagliari"|0|3|0|0|0|0|0|0|0|0|0|0|0|0|0|0|0|0|0|0|0|0|1|5
816|11|"CARACCIOLO Andrea"|"Brescia"|1|3|1|6|0|1|6|0|0|0|0|0|0|0|0|0|0|0|0|1|1|0|0|27
817|11|"CASSANO Antonio"|"Roma"|1|3|0|0|0|0|0|0|0|0|0|0|0|0|0|0|0|0|0|0|0|0|0|32
818|11|"CERCI Alessio"|"Roma"|1|3|0|0|0|0|0|0|0|0|0|0|0|0|0|0|0|0|0|0|0|0|0|2
819|11|"CHIESA Enrico"|"Siena"|1|3|1|8|0|1|7|0|0|0|0|1|0|0|0|0|0|0|0|1|1|0|0|26
820|11|"CHIUMIENTO Davide"|"Siena"|1|3|1|6|0|1|6|0|0|0|0|0|0|0|0|0|0|0|0|1|1|0|0|7
821|11|"CIPRIANI Giacomo"|"Bologna"|1|3|1|6.5|0|1|6.5|0|0|0|0|0|0|0|0|0|0|0|0|1|1|0|1|19
822|11|"COLOMBO Corrado"|"Livorno"|1|3|0|0|0|0|0|0|0|0|0|0|0|0|0|0|0|0|0|0|0|0|0|13
823|11|"COMANDINI Gianni"|"Atalanta"|1|3|0|0|0|0|0|0|0|0|0|0|0|0|0|0|0|0|0|1|0|0|1|4
824|11|"CORVIA Daniele"|"Roma"|1|3|0|0|0|0|0|0|0|0|0|0|0|0|0|0|0|0|0|0|0|0|0|3
825|11|"COSSATO Federico"|"Chievo"|1|3|0|0|0|0|0|0|0|0|0|0|0|0|0|0|0|0|0|0|0|0|0|11
826|11|"CRESPO Hernan"|"Milan"|1|3|1|5.5|0|1|5.5|0|0|0|0|0|0|0|0|0|0|0|0|1|1|0|1|22
827|11|"CRUZ Julio Ricardo"|"Inter"|1|3|0|0|0|0|0|0|0|0|0|0|0|0|0|0|0|0|0|0|0|0|0|10
828|11|"DANILEVICIUS Tomas"|"Livorno"|1|3|0|0|0|0|0|0|0|0|0|0|0|0|0|0|0|0|0|0|0|0|0|4
829|11|"DEGANO Daniel"|"Parma"|1|3|0|0|0|0|0|0|0|0|0|0|0|0|0|0|0|0|0|0|0|0|0|3
830|11|"DEL PIERO Alessandro"|"Juventus"|1|3|1|5.5|0|1|6|0|0|0|0|0|1|0|0|0|0|0|0|1|1|0|0|34
831|11|"DELGADO Alfonso Roberto"|"Lazio"|1|3|0|0|0|0|0|0|0|0|0|0|0|0|0|0|0|0|0|0|0|0|1|2
832|11|"DELLA Rocca Luigi"|"Bologna"|0|3|0|0|0|0|0|0|0|0|0|0|0|0|0|0|0|0|0|0|0|0|1|8
833|11|"DELVECCHIO Marco"|"Roma"|1|3|0|0|0|0|0|0|0|0|0|0|0|0|0|0|0|0|0|0|0|0|0|11
834|11|"DI MICHELE David"|"Udinese"|1|3|1|6.5|0|1|6.5|0|0|0|0|0|0|0|0|0|0|0|0|1|1|0|1|18
835|11|"DI NAPOLI Arturo"|"Messina"|1|3|1|5|0|1|5|0|0|0|0|0|0|0|0|0|0|0|0|1|1|0|0|26
836|11|"DIONIGI Davide"|"Reggina"|1|3|0|0|0|0|0|0|0|0|0|0|0|0|0|0|0|0|0|0|0|0|1|18
837|11|"ESPOSITO Mauro"|"Cagliari"|1|3|1|6|0|1|6|0|0|0|0|0|0|0|0|0|0|0|0|1|1|0|1|22
838|11|"FANTINI Enrico"|"Fiorentina"|1|3|1|6|0|1|6|0|0|0|0|0|0|0|0|0|0|0|0|1|0|0|1|10
839|11|"FARIAS Ernesto"|"Palermo"|1|3|1|4.5|0|1|4.5|0|0|0|0|0|0|0|0|0|0|0|0|1|0|0|1|15
840|11|"FAVA Dino"|"Udinese"|1|3|0|0|0|0|0|0|0|0|0|0|0|0|0|0|0|0|0|0|0|0|1|24
841|11|"FLACHI Francesco"|"Sampdoria"|1|3|1|6|0|1|6|0|0|0|0|0|0|0|0|0|0|0|0|1|1|0|0|20
842|11|"FLO Tore Andre"|"Siena"|1|3|0|0|0|0|0|0|0|0|0|0|0|0|0|0|0|0|0|1|0|0|0|13
843|11|"GANCI Massimo"|"Reggina"|1|3|1|5|0|1|5.5|0|0|0|0|0|1|0|0|0|0|0|0|1|1|0|1|9
844|11|"GILARDINO Alberto"|"Parma"|1|3|1|6|0|1|6|0|0|0|0|0|0|0|0|0|0|0|0|1|1|0|0|51
845|11|"GRAFFIEDI Mattia"|"Siena"|1|3|0|0|0|0|0|0|0|0|0|0|0|0|0|0|0|0|0|1|0|0|0|5
846|11|"GRIECO Gaetano"|"Parma"|1|3|0|0|0|0|0|0|0|0|0|0|0|0|0|0|0|0|0|0|0|0|0|2
847|11|"IAQUINTA Vincenzo"|"Udinese"|1|3|1|13.5|0|1|7.5|2|0|1|0|0|0|0|0|0|0|0|0|1|1|0|1|20
848|11|"ILIEV Ivica"|"Messina"|1|3|1|6.5|0|1|6.5|0|0|0|0|0|0|0|0|0|0|0|0|1|1|0|0|16
849|11|"INACIO Pia' Joao Baptista"|"Atalanta"|1|3|0|0|0|0|0|0|0|0|0|0|0|0|0|0|0|0|0|1|0|0|1|14
850|11|"INZAGHI Filippo"|"Milan"|1|3|0|0|0|0|0|0|0|0|0|0|0|0|0|0|0|0|0|0|0|0|1|17
851|11|"INZAGHI Simone"|"Lazio"|1|3|1|5|0|1|5|0|0|0|0|0|0|0|0|0|0|0|0|1|0|0|1|19
852|11|"JOB Thomas Herve"|"Sampdoria"|0|3|0|0|0|0|0|0|0|0|0|0|0|0|0|0|0|0|0|0|0|0|0|2
853|11|"KONAN Alex Cedric"|"Lecce"|1|3|0|0|0|0|0|0|0|0|0|0|0|0|0|0|0|0|0|0|0|0|1|13
854|11|"KUTUZOV Vitali"|"Sampdoria"|1|3|1|5|0|1|5|0|0|0|0|0|0|0|0|0|0|0|0|1|0|0|0|7
855|11|"LANGELLA Antonio"|"Cagliari"|1|3|1|5|0|1|5|0|0|0|0|0|0|0|0|0|0|0|0|1|0|0|1|8
856|11|"LOCATELLI Tomas"|"Bologna"|1|3|1|6|0|1|6|0|0|0|0|0|0|0|0|0|0|0|0|1|1|0|1|13
857|11|"LUCARELLI Cristiano"|"Livorno"|1|3|1|10.5|0|1|7.5|1|0|1|0|0|0|0|0|0|0|0|0|1|1|0|0|26
858|11|"MANFREDINI Cristian"|"Lazio"|1|3|1|5|0|1|5|0|0|0|0|0|0|0|0|0|0|0|0|1|1|0|1|6
859|11|"MARCHESETTI Mattia"|"Chievo"|1|3|0|0|0|0|0|0|0|0|0|0|0|0|0|0|0|0|0|0|0|0|0|2
860|11|"MARTINS Obafemi"|"Inter"|1|3|1|5|0|1|5|0|0|0|0|0|0|0|0|0|0|0|0|1|1|0|0|23
861|11|"MEGHNI Mourad"|"Bologna"|1|3|0|0|0|0|0|0|0|0|0|0|0|0|0|0|0|0|0|0|0|0|1|9
862|11|"MICCOLI Fabrizio"|"Fiorentina"|1|3|1|5.5|0|1|6|0|0|0|0|0|1|0|0|0|0|0|0|1|1|0|1|24
863|11|"MONTELLA Vincenzo"|"Roma"|1|3|1|5|0|1|5|0|0|0|0|0|0|0|0|0|0|0|0|1|1|0|0|28
865|11|"MUZZI Roberto"|"Lazio"|1|3|0|0|0|0|0|0|0|0|0|0|0|0|0|0|0|0|0|0|0|0|1|17
866|11|"PAZZINI Giampaolo"|"Atalanta"|1|3|1|5.5|0|1|5.5|0|0|0|0|0|0|0|0|0|0|0|0|1|1|0|1|20
867|11|"PELLE' Graziano"|"Lecce"|1|3|0|0|0|0|0|0|0|0|0|0|0|0|0|0|0|0|0|0|0|0|1|2
868|11|"PELLISSIER Sergio"|"Chievo"|1|3|1|7|0|1|6|0|0|0|0|1|0|0|0|0|0|0|0|1|0|0|0|10
869|11|"PORTILLO Javier Garcia"|"Fiorentina"|1|3|1|5.5|0|1|5.5|0|0|0|0|0|0|0|0|0|0|0|0|1|0|0|1|19
870|11|"POZZI Nicola"|"Milan"|0|3|0|0|0|0|0|0|0|0|0|0|0|0|0|0|0|0|0|0|0|0|1|5
871|11|"PROTTI Igor"|"Livorno"|1|3|1|6.5|0|1|6.5|0|0|0|0|0|0|0|0|0|0|0|0|1|1|0|0|19
872|11|"RASIAK Grzegorz"|"Siena"|0|3|0|0|0|0|0|0|0|0|0|0|0|0|0|0|0|0|0|0|0|0|0|2
873|11|"RECOBA Alvaro"|"Inter"|1|3|0|0|0|0|0|0|0|0|0|0|0|0|0|0|0|0|0|1|0|0|0|20
874|11|"RIGANO' Cristian"|"Fiorentina"|1|3|0|0|0|0|0|0|0|0|0|0|0|0|0|0|0|0|0|0|0|0|1|8
875|11|"ROSSINI Fausto"|"Sampdoria"|1|3|0|0|0|0|0|0|0|0|0|0|0|0|0|0|0|0|0|1|0|0|0|9
876|11|"SAUDATI Luca"|"Atalanta"|1|3|0|0|0|0|0|0|0|0|0|0|0|0|0|0|0|0|0|0|0|0|1|12
877|11|"SCULLI Giuseppe"|"Brescia"|1|3|0|0|0|0|0|0|0|0|0|0|0|0|0|0|0|0|0|1|0|0|0|15
878|11|"SERAFINI Matteo"|"Siena"|1|3|0|0|0|0|0|0|0|0|0|0|0|0|0|0|0|0|0|0|0|0|0|4
879|11|"SHEVCHENKO Andrij"|"Milan"|1|3|0|0|0|0|0|0|0|0|0|0|0|0|0|0|0|0|0|0|0|0|1|54
880|11|"SONCIN Andrea"|"Fiorentina"|0|3|0|0|0|0|0|0|0|0|0|0|0|0|0|0|0|0|0|0|0|0|1|2
881|11|"SUAZO David Velazquez"|"Cagliari"|1|3|1|5.5|0|1|5.5|0|0|0|0|0|0|0|0|0|0|0|0|1|1|0|1|22
882|11|"TARE Igli"|"Bologna"|1|3|0|0|0|0|0|0|0|0|0|0|0|0|0|0|0|0|0|0|0|0|1|12
883|11|"TIRIBOCCHI Simone"|"Chievo"|1|3|1|9|0|1|6.5|1|0|1|0|0|1|0|0|0|0|0|0|1|1|0|0|17
884|11|"TOMASSON Jon Dahl"|"Milan"|1|3|1|6|0|1|6|0|0|0|0|0|0|0|0|0|0|0|0|1|0|0|1|17
885|11|"TONI Luca"|"Palermo"|1|3|1|6|0|1|6|0|0|0|0|0|0|0|0|0|0|0|0|1|1|0|1|26
886|11|"TOTTI Francesco"|"Roma"|1|3|1|5|0|1|5|0|0|0|0|0|0|0|0|0|0|0|0|1|1|0|0|40
887|11|"TREZEGUET David"|"Juventus"|1|3|0|0|0|0|0|0|0|0|0|0|0|0|0|0|0|0|0|0|0|0|0|33
888|11|"VENTOLA Nicola"|"Inter"|0|3|0|0|0|0|0|0|0|0|0|0|0|0|0|0|0|0|0|0|0|0|0|2
889|11|"VIERI Christian"|"Inter"|1|3|0|0|0|0|0|0|0|0|0|0|0|0|0|0|0|0|0|1|0|0|0|33
890|11|"VRYZAS Zisis"|"Fiorentina"|0|3|0|0|0|0|0|0|0|0|0|0|0|0|0|0|0|0|0|0|0|0|1|10
891|11|"VUCINIC Mirko"|"Lecce"|1|3|1|5.5|0|1|5.5|0|0|0|0|0|0|0|0|0|0|0|0|1|1|0|1|22
892|11|"VUGRINEC Davor"|"Atalanta"|0|3|0|0|0|0|0|0|0|0|0|0|0|0|0|0|0|0|0|0|0|0|1|4
893|11|"YANAGISAWA Atsushi"|"Messina"|1|3|1|6.5|0|1|6.5|0|0|0|0|0|0|0|0|0|0|0|0|1|0|0|0|9
894|11|"ZALAYETA Marcelo"|"Juventus"|1|3|1|6|0|1|6|0|0|0|0|0|0|0|0|0|0|0|0|1|0|0|0|12
895|11|"ZAMBRELLA Federico"|"Brescia"|1|3|0|0|0|0|0|0|0|0|0|0|0|0|0|0|0|0|0|0|0|0|0|4
896|11|"ZAMPAGNA Riccardo"|"Messina"|1|3|0|0|0|0|0|0|0|0|0|0|0|0|0|0|0|0|0|0|0|0|0|21
897|11|"ZANIOLO Igor"|"Messina"|0|3|0|0|0|0|0|0|0|0|0|0|0|0|0|0|0|0|0|0|0|0|0|8
898|11|"ZICU Ianis"|"Parma"|1|3|0|0|0|0|0|0|0|0|0|0|0|0|0|0|0|0|0|0|0|0|0|4
899|11|"ZOLA Gianfranco"|"Cagliari"|1|3|1|5.5|0|1|5.5|0|0|0|0|0|0|0|0|0|0|0|0|1|1|0|1|31
900|11|"DI CANIO Paolo"|"Lazio"|1|3|0|0|0|0|0|0|0|0|0|0|0|0|0|0|0|0|0|0|0|0|1|17
901|11|"CHOUTOS Lampros"|"Inter"|1|3|0|0|0|0|0|0|0|0|0|0|0|0|0|0|0|0|0|0|0|0|0|1
902|11|"JADID Abderrazzak"|"Brescia"|1|3|0|0|0|0|0|0|0|0|0|0|0|0|0|0|0|0|0|0|0|0|0|2
903|11|"BJELANOVIC Sasa"|"Lecce"|1|3|1|5.5|0|1|5.5|0|0|0|0|0|0|0|0|0|0|0|0|1|1|0|1|14
904|11|"SORRENTINO Tonino"|"Parma"|1|3|0|0|0|0|0|0|0|0|0|0|0|0|0|0|0|0|0|0|0|0|0|4
905|11|"NOMVETHE Siyabonga"|"Udinese"|0|3|0|0|0|0|0|0|0|0|0|0|0|0|0|0|0|0|0|0|0|0|1|5
906|11|"GOITOM Henok"|"Udinese"|1|3|0|0|0|0|0|0|0|0|0|0|0|0|0|0|0|0|0|0|0|0|1|2
907|11|"CARPARELLI Marco"|"Siena"|1|3|0|0|0|0|0|0|0|0|0|0|0|0|0|0|0|0|0|0|0|0|0|5
908|11|"DI PASQUALE Danilo"|"Brescia"|1|3|0|0|0|0|0|0|0|0|0|0|0|0|0|0|0|0|0|0|0|0|0|4
909|11|"LAZZARI Andrea"|"Atalanta"|1|3|0|0|0|0|0|0|0|0|0|0|0|0|0|0|0|0|0|0|0|0|1|6
910|11|"MACCARONE Massimo"|"Parma"|1|3|0|0|0|0|0|0|0|0|0|0|0|0|0|0|0|0|0|0|0|0|0|14
911|11|"SINIGAGLIA Davide"|"Reggina"|0|3|0|0|0|0|0|0|0|0|0|0|0|0|0|0|0|0|0|0|0|0|1|1
912|11|"DI NATALE Antonio"|"Udinese"|1|3|1|6|0|1|6|0|0|0|0|0|0|0|0|0|0|0|0|1|0|0|1|19
913|11|"IBRAHIMOVIC Zlatan"|"Juventus"|1|3|1|5.5|0|1|5.5|0|0|0|0|0|0|0|0|0|0|0|0|1|1|0|0|38
914|11|"MIDO Hossam"|"Roma"|1|3|1|5|0|1|5|0|0|0|0|0|0|0|0|0|0|0|0|1|0|0|0|24
915|11|"ROCCHI Tommaso"|"Lazio"|1|3|1|6|0|1|6|0|0|0|0|0|0|0|0|0|0|0|0|1|1|0|1|20
916|11|"AMORUSO Nicola"|"Messina"|1|3|1|6|0|1|6|0|0|0|0|0|0|0|0|0|0|0|0|1|1|0|0|18
917|11|"DE SOUSA"|"Lazio"|1|3|0|0|0|0|0|0|0|0|0|0|0|0|0|0|0|0|0|0|0|0|1|5
918|11|"NYGAARD"|"Brescia"|1|3|1|6|0|1|6|0|0|0|0|0|0|0|0|0|0|0|0|1|1|0|0|2
919|11|"RUOPOLO"|"Parma"|1|3|0|0|0|0|0|0|0|0|0|0|1|0|0|0|0|0|0|1|0|0|0|2
920|11|"SUCCI Davide"|"Chievo"|1|3|0|0|0|0|0|0|0|0|0|0|0|0|0|0|0|0|0|0|0|0|0|2
921|11|"FRAGIELLO Gennaro"|"Bologna"|1|3|0|0|0|0|0|0|0|0|0|0|0|0|0|0|0|0|0|0|0|0|1|2
